tree
version=v4
num_class=1
num_tree_per_iteration=1
label_index=0
max_feature_idx=41
objective=regression_l1
feature_names=Column_0 Column_1 Column_2 Column_3 Column_4 Column_5 Column_6 Column_7 Column_8 Column_9 Column_10 Column_11 Column_12 Column_13 Column_14 Column_15 Column_16 Column_17 Column_18 Column_19 Column_20 Column_21 Column_22 Column_23 Column_24 Column_25 Column_26 Column_27 Column_28 Column_29 Column_30 Column_31 Column_32 Column_33 Column_34 Column_35 Column_36 Column_37 Column_38 Column_39 Column_40 Column_41
feature_infos=[0.017333984375:2.033447265625] [-0.19833333790302277:0.19833333790302277] [-0.91333335638046265:0.9100000262260437] [0:0.19833333790302277] [0:0.91333335638046265] [0:0.91333335638046265] [0:1] [0:0.4609375] [0:1.943359375] [0.017333984375:2.033447265625] none none [0.017333984375:2.033447265625] none none [0.017333984375:2.033447265625] none none -1:6:4:3:2:18:34:16:35:0:17:32:7:1:19:92:70:114:159:170:83:169:61:72:137:50:138:215:193:160:104:191:202:125:214:60:103:94:204:192:33:180:5:181:148:115:213:171:81 -1:34:33:35:2:32:4:5:3:18:6:7:17:1:0:19:16:144:55:89:111:99:69:46:87:63:65:88:47:172:98:53:166:129:183:189:79:211:165:86:154:68:122:142:143:200:164:174:162:44:73:52:45:57:97:43:109:58:132:78:121:151:110:201:196:54:178:77:205:185:76:140:207:80:131:106:75:41:42:66:56:100:195:108:123:194:120:212:62:153:119:67:90:177:190:64:95:206:167:133:155:40:184:117:146:176:135:107:179:102:157:186:198:188:91:139:96:51:101:145:156:161:210:134:173:175:74:124:163:208:84:112:168:85:130:141:187:199:209:152:113:197:128:150 -1:7:5:4:8:3:6:2:1 -1:32:61:14:7:8:34:38:56:30:16:46:15:18:53:42:52:9:20:28:37:45:10:58:21:48:5:43:55:47:3:6:25:36:63:19:41:40:17:44:24:27:26:12:0:62:35:60:22:57:51:49:13:2:23:4:59:29:11:54:50:33:1:31:39 -1:64:58:30:32:77:97:3:78:68:50:47:70:96:10:11:28:33:83:5:20:0:80:46:31:75:56:81:88:48:43:76:86:49:17:44:8:71:82:37:7:1:2:53:38:85:73:62:13:98:16:92:72:66:40:29:52:74:9:4:22:87:89:99:42:90:21:59:35:19:94:15:24:63:79:25:36:41:55:14:23:91:34:93:57:54:45:65:84:51:69:60:18:27:67:12:26:6:61:95 -1:10:31:58:21:44:7:50:23:33:28:61:38:57:92:25:26:20:27:59:6:36:55:47:52:34:39:41:24:42:49:79:19:54:30:0:48:32:51:63:37:56:43:76:2:15:8:81:1:62:13:53:16:3:14:35:72:5:4:67:90:73:45:83:9:11:99:29:91:93:86:46:80:40:87:12:96:74:77:98:22:95:94:75:66:82:18:78:88:65:71:68:85:97:17:84:60:70:89:64 -1:49:16:29:13:17:43:1:3:40:44:28:32:20:36:19:42:33:52:50:7:8:85:71:25:59:68:34:37:91:26:15:54:56:23:31:12:48:30:99:6:41:66:57:38:95:9:51:24:61:18:58:53:76:79:21:47:14:55:5:0:97:69:35:45:72:93:2:22:77:60:4:46:27:82:83:10:62:78:11:74:96:75:86:39:67:65:89:64:73:90:88:87:70:63:98:92:84:81:80 -1:0:56:48:24:16:8:32:60:28:12:4:1:112:120:96:124:62:14:30:6:64:2:126:29:61:5:13:15:7:63:31:125 -1:0:1:2:3:4:5:6 -1:1:2:0:3:4:5 -1:1:2:3:4:5:7:0:6:8:9:10:11:12:13 -1:2:1:3:4:5:6:7:8:0:9:10:11:12:13:14:15:16 -1:7:0:4:6:5:1:2:3 -1:7:5:3:2:4:6:1:0 [0:0.99798387289047241] [0:0.99193549156188965] -1:53:43:42:46:45:41:51:54:40:50:52:39:55:44:166:56:38:165:61:31:65:174:37:62:164:57:47:49:67:58:33:36:48:167:173:32:60:156:157:66:175:59:163:30:34:29:158:159:172:35:177:162:64:68:168:176:69:150:63:160:161:75:155:74:152:182:169:184:179:170:171:151:28:178:181:154:183:153:78:25:72:77:186:26:24:76:73:27:148:149:180:71:70:185:86:144:84:21:23:22:85:87:79:83:142:17:188:20:80:82:187:205:141:140:118:95:139:19:146:88:96:192:143:15:18:81:229:110:204:9:207:228:145:16:195:106:194:199:147:13:189:14:190:193:206:94:11:117:8:107:238:12:227:196:108:2:236:0:97:134:191:109:198:10:217:1:208:200:111:128:138:201:249:135:245:243:112:197:248:7:99:120:130:235:216:250:100:121:212:89:137:241:230:116:237:98:126:224:215:244:119:127:203:246:223:136:209:232:247:115:226:202:239:123:240:234:105:91:3:122:133:221:218:104:5:101:125:90:129:225:132:6:114:213:113:131:231:102:220:210:242:93:219:233:92:211:214:222:124:4 -1:87:86:58:56:59:57:88:32:85:89:172:33:84:200:31:141:171:199:5:201:30:55:202:173:174:4:54:117:71:143:2:227:115:228:118:142:116:3:229:60:0:61:140:70:83:28:42:90:72:26:1:27:230:43:112:100:197:110:185:144:169:29:73:101:16:170:7:198:6:34:184:111:186:99:41:146:69:145:213:53:52:82:44:113:139:17:250:66:67:134:156:15:14:40:212:35:68:157:183:214:249:151:133:225:152:155:150:132:187:39:124:196:162:102:135:226:109:81:218:65:219:122:181:158:163:195:25:18:106:123:168:192:80:149:114:161:51:180:153:38:121:105:125:167:190:10:11:95:191:64:179:224:78:108:9:49:220:203:12:207:24:98:77:119:45:126:120:164:94:96:130:239:240:50:238:204:189:248:208:223:13:237:182:188:19:247:62:206:127:79:37:176:148:211:104:193:178:241:103:129:209:93:8:154:136:205:131:221:236:147:107:74:138:235:128:160:246:21:76:215:177:217:36:97:234:20:194:242:159:63:46:175:48:233:75:165:245:22:222:231:23:232:216:244:47:137:210:243:166:92 -1:16:8:3:7:12:6:4:13:0:9:15:2:11 -1:16:8:7:12:9:3:2:13:6 -1:37:152:29:28:67:33:30:24:135:23:220:118:84:34:27:16:237:143:144:169:59:20:148:58:145:63:139:138:12:149:127:7:60:54:126:212:142:110:211:76:53:109:75:131:64:114:216:57:13:80:229:228:128:6:8:213:77:122:111:50:233:132:207:105:121:71:206:160:104:217:161:203:70:210:230:11:115:125:9:165:224:74:81:108:3:234:223:2:227:162:156:159:155:166:10:17:42:195:41:194:46:199:43:47:196:36:190:200:189:40 -1:160:49:24:83:84:128:150:22:142:6:130:100:82:108:62:126:110:63:123:26:104:43:109:86:146:10:106:38:67:124:148:1:21:147:129:78:158:98:11:3:4:68:0:70:120:157:18:122:156:159:99:16:59:96:119:144:60:85:31:9:5:79:136:47:105:45:40:107:97:44 -1:160:142:124:69:25:2:140:104:103:23:89:27:60:91:71:111:80:88:68:120:47:107:87:101:108:90:50:109:30:51:110:64:48:70:3:106:149:128:131:129:28:31:4:130:49:144:141:7:126:81:24:0:8:151:29:122:100:11:148:150:9:65:10:44:84:145:20:42:5:41:22:102:82:66:67:46:43 -1:136:79:116:118:56:100:47:45:44:82:229:24:7:25:1:230:41:80:106:232:12:196:250:237:188:59:122:65:214:131:217:134:18:23:194:33:160:15:3:141:129:226:36:115:119:61:239:233:103:138:73:135:145:70:223:69:113:72:147:224:142:63:191:37:200:67:26:83:77:149:246:6:96:64:27:84:85:104:66:87:40:102:125:235:46:86:231:4:227:120:0:124:105:5:238:127:98:117:234:126:107:236:20:57:60:121:43:76:58:210:78:247:175:38:42:249:95:173:240:111:17:22:176:206:177:212:19:13:170:50:97:174:197:248:241:123:10:88:166:167:109:215:151:193:245:178:172:62:93:219:157:81:137:242:222:101:185:2:53:183:187:163:208:158:195:51:165:186:30:199:207:228:29:99:180:203:154:89:91:139:220:205:155:140:146:243:8:75:209:179:184:49:16:11:144:14:164:190:198:9:213:221:54:204:132:143:152:201:244:31:130:216:32:192:168:153:52:133:28:171:162:159:39:189:21:181:55:74:108:35:211:225:94:169:90:34:110:156:150:161:218:128:114:68:148:182:71:48:202:92
tree_sizes=7452 8385 8762 8392 8609 8622 8739 9090

Tree=0
num_leaves=63
num_cat=41
split_feature=3 38 38 8 19 5 3 8 19 3 3 3 5 19 3 19 25 39 22 39 26 22 39 18 25 3 8 39 3 34 3 18 34 39 21 39 7 1 25 21 3 19 8 3 22 34 34 23 34 39 35 34 34 34 34 34 21 34 18 5 25 7
split_gain=607.494 6430.38 890.332 2778.83 744.274 657.407 450.56 646.218 567.922 405.041 382.046 368.66 357.75 334.565 317.274 310.544 305.87 268.204 237.412 234.59 250.923 233.684 415.118 286.315 228.436 223.102 209.799 204.049 187.717 183.387 179.755 171.798 168.263 160.395 143.659 141.648 135.714 272.784 134.949 133.616 128.698 155.333 131.868 124.875 124.164 120.425 119.238 116.27 115.867 113.417 113.353 113.143 109.041 107.968 107.31 103.115 104.715 102.003 101.299 114.761 197.045 102.83
threshold=0.012500000186264517 0 1 0.48144531250000006 2 0.094166666269302382 0.042500000447034843 0.52832031250000011 3 0.025833333842456344 0.049166666343808181 1.0000000180025095e-35 0.092500001192092909 4 0.0091666667722165602 5 6 7 8 9 10 11 12 13 14 1.0000000180025095e-35 1.2148437500000002 15 0.024166666902601722 16 0.077500000596046462 17 18 19 20 21 0.082031250000000014 0.024166666902601722 22 23 0.1108333319425583 24 0.64550781250000011 0.0075000002980232247 25 26 27 28 29 30 31 32 33 34 35 36 37 38 39 0.092500001192092909 40 0.24609375000000003
decision_type=2 9 9 2 9 2 2 2 9 2 2 2 2 9 2 9 9 9 9 9 9 9 9 9 9 2 2 9 2 9 2 9 9 9 1 9 2 2 9 1 2 9 2 2 9 9 9 9 9 9 9 9 9 9 9 9 1 9 9 2 9 2
left_child=1 25 3 9 32 -6 7 15 38 13 27 50 19 48 16 29 17 -13 35 20 -5 22 24 44 -12 -1 40 -10 -9 -4 -22 -16 -3 39 -24 45 37 -30 53 -20 42 -42 51 -27 -23 -17 -40 -39 -2 -25 -7 -14 -28 -8 -38 -15 -57 -31 59 -11 -61 -62
right_child=2 4 6 12 5 11 8 28 10 58 21 14 26 55 31 18 -18 -19 33 -21 30 23 34 49 -26 43 52 -29 36 57 -32 -33 -34 -35 -36 -37 54 47 46 -41 41 -43 -44 -45 -46 -47 -48 -49 -50 -51 -52 -53 -54 -55 -56 56 -58 -59 -60 60 61 -63
leaf_value=0.00051851081661880016 0.00019100985809927806 -0.0040210092847701162 -0.0011620069562923163 -0.0026408733974676579 -0.00080295166117139161 0.0039640827162656933 -0.00075822335202246904 -0.0023744033824186772 0.0015198943729046732 0.013633721187943593 0.0011731252598110586 -0.0038392104615923017 -0.0017996717651840299 0.0068527140247169882 -9.6473711892031133e-05 -0.0020509786845650524 0.00051795382751151919 -0.0023664032050874084 0.00010945709072984755 -0.00088854689965955913 0.017427892104024068 -8.8837579824030399e-05 0.00095672847237437963 0.00072416619514115155 0.00037583969242405146 0.0089631384762469679 -0.0012779331009369344 0.0005794923345092684 -1.1990567145403475e-05 0.0022912753338459879 -0.0013283604348544031 -0.0015732352330815047 0.0011870432936120778 0.00042412040056660771 3.871041553793475e-05 0.00086077232845127583 0.00094944026204757392 -0.0003892960085067898 0.00055718485964462161 -0.00067022672737948596 -0.00036002648994326591 0.0016246085579041392 -0.00082902540452778339 0.0047662848664913327 0.00030630748369731009 0.00010945709072984755 -0.00016572177992202342 -0.0027807162550743669 0.0031294713553506881 0.00040783097210805863 -0.00017850441508926451 -0.0001504861720604822 -0.00076093382085673511 0.00032465017284266651 -0.00020168168703094125 0.0034085774386767298 -0.0020370414422359318 0.00093240561545826495 0.00025126111722784117 -0.00010391377145424485 0.0053070908470544964 -0.00063097025849856436
leaf_weight=1347 855 666 1614 1294 13851 527 2864 5138 18567 2233 36908 23295 1272 745 5111 1041 1957 11689 24983 4687 1959 30792 5608 41220 16486 11589 3117 9259 5473 3335 550 9227 8405 24299 23266 26678 1777 1365 2283 25908 5961 2217 37146 8258 39445 8282 25033 3923 11976 124832 3370 13210 18835 28822 11963 1527 2565 19153 12484 5014 2440 607
leaf_count=1347 855 666 1614 1294 13851 527 2864 5138 18567 2233 36908 23295 1272 745 5111 1041 1957 11689 24983 4687 1959 30792 5608 41220 16486 11589 3117 9259 5473 3335 550 9227 8405 24299 23266 26678 1777 1365 2283 25908 5961 2217 37146 8258 39445 8282 25033 3923 11976 124832 3370 13210 18835 28822 11963 1527 2565 19153 12484 5014 2440 607
internal_value=0.00021829 -0.0363845 0.00540284 -0.0318186 -0.102668 -0.120365 0.0139329 -0.00809956 0.0228972 0.077083 0.0306206 -0.14483 -0.0806287 0.133892 -0.156096 0.00654952 -0.1806 -0.191332 -0.00460559 0.0170583 0.109131 0.0257134 0.0486632 0.0177199 0.0747798 0.207802 -0.090773 0.0868044 -0.0749641 0.0579862 0.201131 -0.092947 0.0319815 -0.0205917 0.000357381 0.028778 -0.0567333 -0.0987776 -0.0224452 -0.0365471 -0.0754231 -0.0171405 -0.0846542 0.221263 -0.009041 -0.0242588 -0.048193 -0.179743 0.176073 0.0290391 0.0034248 -0.0441749 -0.132581 -0.00023852 -0.023795 0.0215635 -0.00977128 0.0696856 0.0330108 0.069693 0.0419527 0.141932
internal_weight=800303 99292 701011 130694 78098 69027 570317 164932 405385 40446 346383 55176 90248 17668 51279 135293 36941 34984 111191 8490 3803 318557 82268 236289 53394 21194 81758 27826 29639 24102 2509 14338 9071 75190 28874 36001 24501 10761 59002 50891 59806 8178 51628 19847 70237 9323 27316 5288 12831 166052 3897 14482 21952 31686 13740 4837 4092 22488 22778 10294 8061 3047
internal_count=800303 99292 701011 130694 78098 69027 570317 164932 405385 40446 346383 55176 90248 17668 51279 135293 36941 34984 111191 8490 3803 318557 82268 236289 53394 21194 81758 27826 29639 24102 2509 14338 9071 75190 28874 36001 24501 10761 59002 50891 59806 8178 51628 19847 70237 9323 27316 5288 12831 166052 3897 14482 21952 31686 13740 4837 4092 22488 22778 10294 8061 3047
cat_boundaries=0 7 15 20 26 33 39 43 49 52 57 58 61 67 74 78 84 92 99 107 113 115 120 124 126 132 135 143 151 155 163 168 176 184 191 199 207 215 217 225 232 234
cat_threshold=9650124 2129940 131137 34078976 136315920 64 2147500288 9646024 2129940 131137 34078976 136315920 64 2181054720 1024 0 15 0 0 268435456 0 13 33554432 64 0 2 524290 10485766 16785920 2098208 570654848 134254852 33048 0 41943053 151011328 67313680 2169 33554434 1073758277 0 1 65537 88080384 3221227520 1835008 1560311056 536887300 1 1064304640 29 1106771904 67648 134217728 49152 159387661 2415919104 2 3221225472 536971647 65512 2151940152 1073741888 3932224 469787396 1879064582 1 262176 805568527 131136 0 2148533760 3149312 2097152 553759155 65537 1 1 88408066 3355576384 1327176 335560708 4030808064 1 98416 33024 1073774592 528897 393232 256 2152793120 74973569 393216 268697606 64 537133056 2147484160 1537 8388609 131184 65792 131073 20486 268566544 4160 2818572400 1836801 327690 8512 1572864 1560295197 1615413254 1 14549200 15597821 2149648896 0 3145744 1568673808 1612529667 74037 1 1 536870912 2155892725 4279261480 130 1140850950 107038777 161523712 574619648 1091043328 357652479 88363008 1430323204 266312 5243456 0 547356672 3227651 16 2686585041 22656 9470488 0 1327136 6144 140916 1610612736 2484092936 67633157 16932 4026531840 2635968863 12 26632 2164260864 2181562565 134415168 2164271105 4194304 67145728 98320 2147483650 256 4194320 1291853072 262145 559107 1216615457 8224 4 276832305 524288 384 33570816 1174454274 134217729 285736962 276824128 2049 2147615232 276836880 67305744 1090535568 1074012544 1216348160 3490381824 537198720 295456 2164261000 570687584 0 2231910400 52441089 134414464 1082130944 302039152 34078720 69208064 1107427329 201459840 268534016 2147491904 84185096 155189888 32784 1114112 50992016 2097184 1032 134219008 50778370 2151677952 524288 2685695999 1392508940 540673 1360003072 128 1879351648 1048577 4784136 2101513 32808 2 805568521 64 262144 2147483648 513 2097152 3 1
is_linear=0
shrinkage=1


Tree=1
num_leaves=63
num_cat=53
split_feature=5 38 26 3 38 40 38 8 7 7 22 3 39 19 26 7 20 40 22 38 41 0 41 21 34 22 41 8 34 26 41 34 41 34 41 35 35 41 35 23 35 41 41 34 41 34 22 35 34 34 38 41 34 34 35 41 39 35 35 41 41 35
split_gain=465.772 627.346 387.484 261.069 1385.41 428.653 412.382 535.282 192.768 233.584 187.417 185.463 170.734 214.243 160.778 287.761 223.01 186.38 143.831 200.431 139.607 134.441 141.595 135.703 129.703 125.908 114.913 112.817 110.553 109.298 107.836 106.872 105.185 102.784 102.425 101.906 101.29 102.79 101.055 97.8337 100.762 96.6971 93.5614 91.8411 89.4759 89.0586 88.5374 99.4887 89.3698 89.1488 90.7382 88.1699 86.1972 85.314 85.0073 84.9631 84.5742 84.5601 80.0312 79.9943 79.0727 92.3518
threshold=0.095833331346511855 0 1 0.012500000186264517 2 3 4 0.29589843750000006 0.32421875000000006 0.23046875000000003 5 0.077500000596046462 6 7 8 0.12109375000000001 9 10 11 12 13 0.66271972656250011 14 15 16 17 18 0.20019531250000003 19 20 21 22 23 24 25 26 27 28 29 30 31 32 33 34 35 36 37 38 39 40 41 42 43 44 45 46 47 48 49 50 51 52
decision_type=2 9 9 2 9 9 9 2 2 2 9 2 9 9 9 2 9 9 9 9 9 2 9 1 9 9 9 2 9 9 9 9 9 9 9 9 9 9 9 9 9 9 9 9 9 9 9 9 9 9 9 9 9 9 9 9 9 9 9 9 9 9
left_child=1 2 -1 4 25 10 7 28 9 14 54 59 13 -12 18 17 -17 -16 19 -8 52 23 -23 -14 -7 -2 -10 36 -5 32 -11 58 -22 -20 -31 -33 -26 -38 -28 40 -3 -30 -15 -34 -41 -40 47 -46 -49 57 -51 -27 -9 -42 -6 -47 -36 -48 -32 -4 -55 -62
right_child=3 39 11 6 5 24 8 20 26 30 12 -13 21 42 15 16 -18 -19 33 -21 29 22 -24 -25 27 51 38 -29 41 34 31 35 43 -35 56 -37 37 -39 45 44 53 -43 -44 -45 46 55 49 48 -50 50 -52 -53 -54 60 -56 -57 -58 -59 -60 -61 61 -63
leaf_value=-0.0014525483711622655 0.00078999206743901595 0.0019578234496293589 0.0072628174893907271 -0.0022256422962527722 7.6842421549372375e-05 -0.0018690572615014389 -0.00016232508642133325 -0.0021284937538439408 0.0010233599678031169 0.0011125340024591424 0.0010038543114205822 -0.0015384628641186282 -0.00061326794093474746 0.00022371303930412978 -0.00024913583183661103 -4.9055146519094706e-05 -0.00057145443133777007 9.7057825769297779e-05 -0.00032427831320092082 0.00042754049354698509 0.00022083224394009449 -0.001752211494022049 4.2348503484390676e-05 -0.0028141225484432653 -0.0016619216912658885 -0.0002624095359351486 0.00058138154417974874 -0.0010864799987757578 0.0024890734493965283 -0.00087489870202261955 0.0020394083476276137 -0.00043164051021449268 8.2205020589753985e-05 7.1004833444021642e-05 -0.00024993912666104734 0.00033308546699117869 0.0025301278656115755 0.0004601941182045266 0.00033468662877567112 -0.0011631086381385103 0.0017147130383818876 0.00090153221026412211 -0.0028936252456333023 -0.00077184815017972142 0.0036625188877223991 -0.0020176877733319998 -0.0021906705442233942 0.0036744978715432808 0.00090225522581022233 0.0018932120547106024 -2.8876966098323464e-06 0.0053384330094559118 -0.00078478299110429361 -0.0031002409232314676 -0.0034035887365462258 -0.00068393585388548672 0.00047409987018909305 0.002666384432814084 0.00068219091190258041 0.026691497347201221 -0.0024890023341868073 -0.00014006925630383193
leaf_weight=2297 2778 3867 736 807 706 2008 20647 2893 1510 4234 1241 701 6074 681 21913 33524 33107 107093 22123 57202 4588 1629 11581 10089 1223 792 2230 2599 1420 972 794 4441 5112 145305 3080 36057 1433 12706 2237 4401 4076 12275 8314 48615 2706 1855 807 2360 17097 7541 32435 8976 4240 2318 6291 15807 5245 5303 4578 6226 2604 21803
leaf_count=2297 2778 3867 736 807 706 2008 20647 2893 1510 4234 1241 701 6074 681 21913 33524 33107 107093 22123 57202 4588 1629 11581 10089 1223 792 2230 2599 1420 972 794 4441 5112 145305 3080 36057 1433 12706 2237 4401 4076 12275 8314 48615 2706 1855 807 2360 17097 7541 32435 8976 4240 2318 6291 15807 5245 5303 4578 6226 2604 21803
internal_value=-0.000255527 0.028854 0.148817 -0.00525382 -0.0322599 -0.0609804 -0.0017155 -0.0330891 0.0037257 0.00584905 -0.087241 0.202801 -0.0738623 -0.129489 0.00217275 -0.0085178 -0.0352003 0.00526324 0.0106996 0.0284546 -0.0501492 -0.0544325 -0.01703 -0.0850294 0.000325297 0.120083 -0.0403748 0.0138263 0.0548124 -0.043106 0.038199 0.0311233 -0.0511341 0.00244266 0.00725102 0.0223155 0.0301354 0.0420818 -0.0494783 0.0177024 -0.00415224 0.0654045 -0.156378 -0.057342 0.0281302 -0.0607955 0.0325882 0.0585569 0.0459962 0.0200876 0.0114784 0.14683 -0.116655 -0.0137117 -0.162719 -0.0727057 0.0252489 0.0762822 0.0973254 0.227743 -0.023993 -0.0155821
internal_weight=800303 117278 9960 683025 79121 66575 603904 89247 514657 491018 46606 7663 39609 10236 440914 195637 66631 129006 245277 77849 74745 29373 13210 16163 19969 12546 23639 17961 14502 67612 50104 45870 58315 167428 9297 40498 15362 14139 22129 107318 34668 13695 8995 53727 72650 19899 68249 22163 19457 46086 39976 9768 7133 30801 6997 17662 8325 6110 5372 6962 26725 24407
internal_count=800303 117278 9960 683025 79121 66575 603904 89247 514657 491018 46606 7663 39609 10236 440914 195637 66631 129006 245277 77849 74745 29373 13210 16163 19969 12546 23639 17961 14502 67612 50104 45870 58315 167428 9297 40498 15362 14139 22129 107318 34668 13695 8995 53727 72650 19899 68249 22163 19457 46086 39976 9768 7133 30801 6997 17662 8325 6110 5372 6962 26725 24407
cat_boundaries=0 6 7 15 21 29 33 38 45 46 47 52 56 64 72 80 82 90 93 101 109 110 118 126 134 142 150 158 166 174 182 185 193 201 209 217 225 233 236 244 252 260 268 276 282 290 298 306 311 319 327 335 343 351
cat_threshold=1261516 16384 0 0 0 1610612736 2 1261516 2097168 139329 34115840 134217728 536870980 33570832 1024 704644796 135168 131072 1426066928 6385666 1 1261516 2392336 131137 34078976 2097152 536870976 33571072 1088 774827008 0 4162977792 14 0 0 4980736 1560311056 1074872323 0 2149580800 260048897 469983358 541067296 16785410 16392 3 144 2969570561 268500992 244777050 36928 8519684 3778023425 268697727 51313600 4 0 2654998016 1032 36864 2281833472 36 289177616 8760 67108880 264 268437507 134774816 302786064 1124074503 2293760 2097160 534532 1572928 3145728 1752174676 98304 1074869344 0 565248 26935023 4141416448 2048 268435456 1476540416 839385120 1078092808 39845888 1075085344 8448 3071 2147483747 51008 419962880 8912896 469764098 134217730 301989905 84541576 1025 1049603 18432 0 2953314816 3355717632 2105504 1375731712 2157977605 17310288 15 201392133 384 1781531664 786432 129 155193344 2751482881 8256 1077019146 33554432 16842752 285214822 1107296268 33555456 4985353 4194305 541589550 167796801 542216 8519810 33 524800 16777728 67113986 8864 276857160 10240 2147504128 537395201 1078068248 141623425 512 134245953 673972226 539230720 268698112 1073741952 4194832 268468480 4 281280768 1077944352 16778240 536871168 603997248 277938194 18874625 42467329 16779328 1075577088 40976 8448 268437504 2961186944 1073758240 14975110 2148532224 2248278098 1744953344 1074790400 33554432 102761224 67113089 4292608 2172653584 1073741825 537395202 1073807617 17286 25165825 37896192 17153 1987218440 1436405 2149581188 151003650 1024 8400944 2147516420 1073758464 2701180928 33914880 57477 2147503138 131072 2684490242 276826382 402653184 134217842 17305600 33619968 33555592 50349104 16384 2 822149144 5 1090521600 169041 2281709648 272629760 2147492882 3078 256 0 67719616 6819584 0 8454272 135266305 24584 134217728 19178674 219185384 36700160 4199424 0 3255207236 524817 2214593092 16777217 33562752 33286 516948517 4669 3233320898 10 9445888 1 64 2433224784 608206992 73204248 4194308 135266316 553648128 1579392 407371780 8388608 151257601 541134884 532992 1026 3221430920 413696 671416336 1107361792 65538 151814146 18874368 0 272928000 2057 32768 2552266769 65 2182119552 9777 4211744 71303176 1343227273 142870528 270532768 4194304 285212936 68173826 3292610560 1177439756 86102 0 2172649472 67174912 92274689 3178496 1082135073 1073745929 2157969424 4729088 131074 296961 134217728 268437520 3774873680 1606022 1610679296 268959744 2885681152 67408896 1073741824 268828744 2181169152 809500760 12861440 8192 7346520 6293504 68610 1073872896 1835008 419450884 1347698693 262144 1073791048 327808 67649536 423755872 142937088 554698753 18874368 12714104 2097712 1077936133 287834112 524292 294649866 135268864 524288 65536 16 1208419972 536875016 3145859 720969 35782688 4096 272637960 8528 2113536 8192 16781824 553088 338034818 18939910 12582912 2147484176 537135104 1073809617 2254700544 1076494432 140320 2097152
is_linear=0
shrinkage=0.5


Tree=2
num_leaves=63
num_cat=54
split_feature=8 38 3 38 38 0 3 0 19 38 22 21 19 6 39 41 41 34 34 35 34 22 38 41 19 35 34 41 34 34 34 23 35 8 21 41 41 34 8 22 41 34 35 34 41 41 34 22 41 34 41 34 35 34 41 35 41 35 35 34 41 34
split_gain=192.814 761.617 304.441 396.449 377.706 267.674 190.527 179.363 189.505 167.182 161.303 156.199 170.351 188.706 135.216 134.49 122.922 121.428 119.434 117.136 124.445 116.678 241.996 111.141 109.239 109.009 108.381 108.054 107.946 107.471 102.251 104.036 106.541 101.811 117.222 110.042 103.997 102.119 101.766 101.583 101.275 101.013 100.974 99.5988 97.7275 97.6949 96.1318 95.4103 95.2796 94.5722 93.9021 101.743 92.4665 92.0149 91.5867 91.5331 89.2971 88.6353 86.3479 89.6003 85.389 84.5638
threshold=0.16015625000000003 0 0.025833333842456344 1 2 0.65490722656250011 0.0075000002980232247 0.90808105468750011 3 4 5 6 7 0.057173123583197601 8 9 10 11 12 13 14 15 16 17 18 19 20 21 22 23 24 25 26 0.62890625000000011 27 28 29 30 0.36035156250000006 31 32 33 34 35 36 37 38 39 40 41 42 43 44 45 46 47 48 49 50 51 52 53
decision_type=2 9 2 9 9 2 2 2 9 9 9 1 9 2 9 9 9 9 9 9 9 9 9 9 9 9 9 9 9 9 9 9 9 2 1 9 9 9 2 9 9 9 9 9 9 9 9 9 9 9 9 9 9 9 9 9 9 9 9 9 9 9
left_child=1 5 4 33 17 47 7 8 18 16 26 25 23 39 -7 -11 -6 42 -3 -12 -21 22 -15 -13 -17 -5 -10 -26 -29 55 -8 32 -32 36 50 -36 -4 -37 54 -14 -31 -38 -2 -18 -33 -9 -41 -1 -34 -25 -35 -52 -40 -47 -19 -27 -23 -28 -46 -60 -20 -49
right_child=2 6 3 11 9 14 30 45 10 15 19 12 13 21 -16 24 43 38 60 20 -22 56 -24 49 27 29 57 28 -30 40 31 44 48 34 35 37 41 -39 52 46 -42 -43 -44 -45 58 53 -48 61 -50 -51 51 -53 -54 -55 -56 -57 -58 -59 59 -61 -62 -63
leaf_value=0.0034359961064183153 -0.0022210200258996338 -0.0038754183415221632 -0.0013222597553976811 0.00033877215173561126 -0.0020534461946226656 0.0027767066685555619 -0.00077610106745851226 -0.0013674343717866577 0.0030766262134420685 -0.0014254460893425858 -0.00516573827189859 0.00046196739640436135 -0.0010346369654143928 -0.00018978520711243618 -0.00050998540973523632 -0.0017052809198503383 -0.0032450636754219886 0.0013543681634473614 -0.0030639760443591513 0.0011352859073667787 -0.0027557108405744657 -0.00028660406678682193 0.000426838880230207 -0.00039632085827179253 0.0011470056233520154 0.0014775145464227535 0.0023200597242976073 -0.0012098410461476305 4.0166511098504998e-05 0.0006319555795926135 -0.0014593319883715594 0.0028236353664397029 -0.0011653597539407201 0.00046765298975515179 0.00069463265390368178 0.00055642447114223614 0.00095323658752022311 -0.00032584204745944589 0.00043452821410028264 0.00091086061001988128 -0.00034079251054208726 -9.8102034826297313e-05 0.0004024240397484391 0.0016756910699768923 0.0014416184276342392 -0.00084325648640515283 -0.00034574019446154125 -0.00063125472115643788 0.0016465006556245498 -3.9449289033655077e-05 0.00024285547260660678 -0.00069060419627930969 -0.0016021875226215343 0.00088805479390430264 -0.00087058108329074457 0.00012243704259162769 0.00014419829312828369 -0.0012243949386174791 0.0012689700015471317 -0.00033245754457311705 0.0016800507073639892 0.0087258530838880688
leaf_weight=3375 692 708 2451 6047 781 3570 4896 663 1192 4134 1911 7619 3092 20272 3287 2291 560 970 777 1695 12386 11717 77978 12819 3806 1001 842 3789 31570 2833 985 1618 815 1656 2651 2609 4162 32090 757 715 48391 26919 4982 9201 2278 749 5613 558 9887 96379 2548 29355 8180 5072 32663 6185 189748 7115 3148 18135 5952 9463
leaf_count=3375 692 708 2451 6047 781 3570 4896 663 1192 4134 1911 7619 3092 20272 3287 2291 560 970 777 1695 12386 11717 77978 12819 3806 1001 842 3789 31570 2833 985 1618 815 1656 2651 2609 4162 32090 757 715 48391 26919 4982 9201 2278 749 5613 558 9887 96379 2548 29355 8180 5072 32663 6185 189748 7115 3148 18135 5952 9463
internal_value=-0.000175558 0.0202366 -0.0031263 0.00124401 -0.0280327 0.106908 -0.00149685 -0.0265974 -0.0417127 -0.000142486 -0.0624379 0.00720096 0.0106723 0.0168189 0.0266073 -0.013267 0.0565662 -0.0604692 0.028393 -0.0927268 -0.0768112 0.0190096 0.0331359 -0.00559364 -0.0046783 -0.0157362 -0.00944217 0.00154427 -0.00708207 -0.0223546 0.0219806 0.0309941 0.0699632 -0.0267249 -0.0374624 -0.0181735 -0.00402576 -0.0256835 -0.0696304 -0.052855 -0.0303888 0.00381114 0.00826587 0.0718817 0.0128816 0.049337 -0.0164037 0.148082 0.0844689 -0.00966944 -0.058905 -0.0649381 -0.117071 0.0700325 -0.0570388 0.0348708 0.012118 -0.0305559 0.00468756 -0.00523596 0.0490283 0.17258
internal_weight=800303 101077 699226 594850 104376 20253 80824 39062 32578 56132 25141 490409 425952 309135 6857 45590 10542 48244 7437 15992 14081 299715 98250 116817 41456 64457 9149 39165 35359 58410 41762 36866 11687 104441 70909 37350 33532 34699 42570 9420 51224 31081 5674 9761 25179 6484 6328 13396 10702 109198 33559 31903 8937 5821 33633 7186 201465 7957 23561 21283 6729 10021
internal_count=800303 101077 699226 594850 104376 20253 80824 39062 32578 56132 25141 490409 425952 309135 6857 45590 10542 48244 7437 15992 14081 299715 98250 116817 41456 64457 9149 39165 35359 58410 41762 36866 11687 104441 70909 37350 33532 34699 42570 9420 51224 31081 5674 9761 25179 6484 6328 13396 10702 109198 33559 31903 8937 5821 33633 7186 201465 7957 23561 21283 6729 10021
cat_boundaries=0 8 15 23 30 37 40 41 48 53 61 69 77 85 93 101 104 112 120 127 135 143 151 159 167 175 179 187 189 197 205 213 217 225 233 241 249 257 265 273 276 284 292 300 308 316 324 332 340 348 356 364 372 380 388
cat_threshold=9650124 49172 131136 34078976 2098192 64 2181054464 1024 9649988 32788 1089 33591552 2281702416 536870980 2149581056 805306368 67126322 0 2147745792 17924232 1073742337 270059648 8761 524288 271 17896483 117442566 168036369 32 704640 205644 37781504 1088 536908032 2147500033 536870912 272 3570402303 4026536031 528452 255 589824 15 159449104 33760272 4259992 33583124 49164 4525058 2550267968 262160 8392729 2415984640 147457 1180160 262176 136335392 1143474304 299520 1049612 17041476 2147664896 32 1048590 1075052672 33025 8390656 402784640 18899968 8917064 256 293601344 134447104 35397633 301991952 71329792 16777234 458752 512 1208025152 8417792 1074266128 1073743362 134512744 22020480 3233154304 2130080 265216 262144 268435456 3758364672 2236800 2097792 3229614096 2182152192 545260673 1179648 67125329 2164261376 35653762 50401280 3221225472 1342239103 1179607 136 2621722112 0 536870912 16384 32 286556160 8817 622592 4325376 336592912 276826112 5310978 553685376 65600 40370193 0 2151682304 1081400 133195 4194470 839418024 1376320 554696832 3489661960 268435456 2181203968 2147483744 539099265 65540 36963376 2147491842 557096 34603152 539298369 2148007936 134338560 2149580800 33685506 2684354562 4194322 33566212 130 302256149 251724064 512 67178496 562108417 67108864 1476413569 2181055488 67113104 67239936 134217768 2097666 33575041 1025 1611661571 1076257792 33555072 1081472 2147552256 4194312 42206216 1209008648 0 8860928 1025 0 142737697 3151952 2130311 2148009984 2082393308 15 50464832 393376 268435456 1409417282 16777216 576720896 2147811332 524672 291459092 368514548 42467368 16777344 84443908 16912896 574619904 2152728704 262145 70656 2718040096 70254592 2418016642 2164260896 62947888 54526208 16777216 528384 524320 0 1090527744 2382381062 67141632 470286338 524544 10587008 4045475970 119574652 302140204 8 256 131200 2810184832 2415919106 4096 1174536232 1745502465 17 8388608 1879052610 1074873344 101720068 68190486 1073746560 262144 4097 3222274112 268566792 1078462496 16785408 66644 552 268435584 3150848 37378 0 2147550208 67411970 66008 554172484 18909184 131120 268435972 3 135283841 128 805345812 939532292 536875016 18 1207959856 67371009 540559360 33554888 65552 134561920 4128 1081504 1073741824 1111490560 2315255808 4160 0 540023820 2214600713 19144720 2147484671 33992816 268443970 536870912 65536 136320032 4106 67207297 1073778700 76947592 3670048 41947170 262208 1610653699 51388488 536887297 1094746624 8454145 2097408 69730337 2877309192 67269120 545292800 4195336 2148007936 262144 67371008 168036352 16777216 2718597120 50348036 1052833 1048576 1745126768 4194304 1124106240 173208 2147483648 2148532992 33554947 16 444661888 1310728 339738626 33622016 672137408 545260032 1073741824 20972545 3489661762 33652756 73764 1722368 144 18464 536872960 68714498 598024 18883714 565358 537919488 16387 787496 545261568 2151694856 33816576 163840 84224 68173836 2149711876 2304 1572869 33685568 1074333344 2359297 8390914 4104 67119169 270660 4194370 537149440 802840 37748800 13632064 2148532240 1073742344 2147500354 2556428289 3145728 2550663176 67633152 1342181392 2097249 1589376 268435488 975716368 8 100681856 67502088 139264 285245440 209719816 541065760 139264 2164334596 2147484034 67666184 12545 0 3493859328 2416050177 4140 807403520 69218308 32796
is_linear=0
shrinkage=0.5


Tree=3
num_leaves=63
num_cat=52
split_feature=8 39 1 3 3 40 18 38 0 40 18 39 39 39 19 39 23 20 41 41 40 4 0 41 41 5 35 34 34 41 22 35 34 35 41 34 41 40 41 41 41 34 35 34 19 40 34 34 34 34 18 6 34 41 35 41 34 34 41 6 19 35
split_gain=94.5183 279.507 305.998 243.453 215.437 214.392 233.768 209.541 233.632 188.554 228.653 236.174 175.455 169.068 167.156 160.317 156.32 129.776 131.958 127.758 125.935 123.986 126.409 119.445 118.401 116.668 113.908 131.579 113.711 112.393 111.42 109.007 108.988 107.863 107.052 105.895 105.006 104.247 101.237 99.9454 99.1308 104.676 98.354 98.0983 96.1753 96.1106 95.85 95.7542 94.933 94.913 94.1734 89.4587 108.808 89.2575 88.5007 88.3868 88.269 87.7572 86.2843 85.3311 152.032 98.9737
threshold=0.35644531250000006 0 -0.012500000186264513 0.014166666660457851 0.032500000670552261 1 2 3 0.30798339843750006 4 5 6 7 8 9 10 11 12 13 14 15 0.14916666597127917 0.41052246093750006 16 17 0.20749999582767489 18 19 20 21 22 23 24 25 26 27 28 29 30 31 32 33 34 35 36 37 38 39 40 41 42 0.28264172375202185 43 44 45 46 47 48 49 0.14122571796178821 50 51
decision_type=2 9 2 2 2 9 9 9 2 9 9 9 9 9 9 9 9 9 9 9 9 2 2 9 9 2 9 9 9 9 9 9 9 9 9 9 9 9 9 9 9 9 9 9 9 9 9 9 9 9 9 2 9 9 9 9 9 9 9 2 9 9
left_child=1 3 5 7 24 39 16 8 -1 10 19 23 14 36 -11 30 31 18 -16 -4 -13 -10 -23 -12 -2 -24 27 -14 -19 -18 -8 -7 -26 -5 -22 -17 -6 51 -35 -3 -28 -42 -41 -38 -37 -9 -31 -44 -32 -47 -34 57 -53 -45 -54 -39 -33 -15 -25 60 -57 -62
right_child=4 2 9 33 13 6 15 45 21 12 11 20 26 37 17 35 29 28 -20 -21 34 22 25 58 32 -27 40 -29 -30 46 48 56 50 38 -36 44 43 55 -40 42 41 -43 47 53 -46 49 -48 -49 -50 -51 -52 52 54 -55 -56 59 -58 -59 -60 -61 61 -63
leaf_value=0.062316900197856739 -0.0014171511011227267 -0.00098951013387704734 0.0021750675387011142 0.0024000950397748966 0.00038138382342367549 -0.0017416743194189621 0.00077090016384318005 -0.0016895079024834558 -0.016528794301848393 -0.001132239531216328 0.0027239246228418779 -0.0037423036019390565 0.0014842080709058791 -0.00039545908111904282 0.0025257617717215908 -0.00028049190950696357 -0.0033323690768156666 0.0025340304709970951 -0.00069538313709927024 -0.00010375101282988908 -0.0027872576201843913 0.045487051429518033 -0.016125362347338523 -0.0020606775256055698 0.00044441000750339299 0.0073746678772295127 -0.0021806884469697252 -0.0012706268807960441 0.0007262645585797145 0.0011283023668511305 0.0012869230204159976 0.0036818680655414937 0.00028881655816803686 0.0022473041731245758 -0.00097019833992817439 -0.00026813989870788646 0.00024012902485992527 0.00047375632038892945 -0.00017926793998412904 -0.00063937185132090235 0.00066315423464402556 -0.00014336230378830805 -0.0003128697599095176 -0.00083047433417959837 0.0010881761054406525 -0.0023093693725968478 -0.001050005276738375 0.0015300034046958899 -0.00092417473024397623 0.0013923634214734193 -0.00058750934181261982 0.00034624055842868984 -0.0011156199871038552 -0.00022944300144445151 -0.00030406641599256545 0.00023825339121685829 0.00057544772880646633 0.00010768508582259528 0.00025321872180938954 0.00010081587424792815 -0.00063645138470747042 -0.00012151406372140627
leaf_weight=2356 4237 1183 2535 1982 7260 673 3411 1513 524 3417 1101 2521 1060 4891 1072 3215 1421 2327 6449 5113 2518 565 417 1308 4760 5214 1404 8762 18262 981 812 536 5594 1208 21291 2426 10076 11810 16456 1313 8207 57277 1514 9254 19016 526 7272 13591 6689 3520 28528 5969 3493 83661 38139 12973 3639 38037 6806 237076 4731 36411
leaf_count=2356 4237 1183 2535 1982 7260 673 3411 1513 524 3417 1101 2521 1060 4891 1072 3215 1421 2327 6449 5113 2518 565 417 1308 4760 5214 1404 8762 18262 981 812 536 5594 1208 21291 2426 10076 11810 16456 1313 8207 57277 1514 9254 19016 526 7272 13591 6689 3520 28528 5969 3493 83661 38139 12973 3639 38037 6806 237076 4731 36411
internal_value=3.81102e-05 0.00802076 0.00145117 0.0499956 -0.00366062 0.029397 0.0127038 0.0988249 0.145577 -0.0110413 -0.0389654 -0.0558399 0.000106234 -0.00075727 0.0315007 0.0345268 -0.0407321 0.0442003 -0.0120138 0.0394256 -0.0799484 0.098185 0.117941 0.0130595 -0.0375803 0.0952423 -0.0127995 -0.0630465 0.0647299 -0.0774313 -0.0159282 0.0325102 -0.0288991 0.0136401 -0.0686159 0.0568527 -0.0180614 0.00409105 0.00118804 0.0768466 -0.00541106 -0.00258031 0.086975 -0.0221595 0.0695441 0.0221683 -0.0548699 0.0983991 -0.04998 0.0623459 -0.0387883 -0.0107962 -0.0257232 -0.0272418 -0.0347709 0.00853924 0.062694 0.00575355 -0.00799898 0.00681827 -0.0110963 -0.0259756
internal_weight=800303 253403 219122 34281 546900 67692 50091 14635 9076 151430 43193 35545 108237 503781 31527 35569 14522 28110 7521 7648 26330 6720 6196 9215 43119 5631 76710 9822 20589 9674 10912 4848 38882 19646 23809 24657 110251 393530 17664 17601 66888 65484 16418 102991 21442 5559 8253 15105 7501 4046 34122 90529 47601 92915 41632 303001 4175 42928 8114 291191 54115 41142
internal_count=800303 253403 219122 34281 546900 67692 50091 14635 9076 151430 43193 35545 108237 503781 31527 35569 14522 28110 7521 7648 26330 6720 6196 9215 43119 5631 76710 9822 20589 9674 10912 4848 38882 19646 23809 24657 110251 393530 17664 17601 66888 65484 16418 102991 21442 5559 8253 15105 7501 4046 34122 90529 47601 92915 41632 303001 4175 42928 8114 291191 54115 41142
cat_boundaries=0 5 10 17 24 29 35 39 44 49 56 61 65 66 74 82 87 95 103 111 119 127 135 139 147 155 163 171 179 187 192 200 208 216 224 232 240 247 252 260 268 276 284 290 298 306 314 322 330 338 346 353 361
cat_threshold=2147550720 402688064 49152 8388617 2415919104 2344617992 268999168 261488845 41024 12 65571 2 268435456 537657600 0 2147483648 14685186 1261516 2320 1024 262144 0 0 1081344 1610616748 655360 128 1409289504 14774287 2 805568513 524608 0 2148532736 2097665 88342601 3221356544 88 4100 59 8192 786432 285241876 1079328773 329264 134352960 540736 8388623 2420441088 0 101203968 2147495936 2049 17047558 2081325320 1377184 24 0 0 1543528708 1078018054 135168 254608384 4260051072 15 352 340263936 1073782788 2496036865 1024 1048768 536870944 2147549704 1605634 2147853344 2885812394 8192 1634730052 0 0 0 13312 3584 0 0 1073741824 14680064 33816576 16785408 2164396352 1074135346 16644 16777216 2150777408 4198528 17280 4195856 128 2416195584 196737 1059458 6295808 4325392 3221881344 2723482368 6422528 1358995456 16384 268435460 603979904 35840 3221356547 2281704449 0 138419200 65536 142999616 1074276352 5111872 1605921 557056 2096 1310724 3221299200 268435712 67797130 8683532 1056784 1048576 8192 4043320845 1224768640 2147484708 0 10240 3528533473 77405 344015488 1 819208 131120 539232273 18350080 1082196288 197632 278528 2307 1024 1078001664 2189819910 2417033216 134349824 4457985 2353528961 67239936 66064 536911876 42008576 34604609 2149605376 17484 536580 557056 32960 3221487808 53248 1207959686 2048 69995524 8913572 270336 687932416 109052416 140780576 34615808 1024 262656 98432 148488 301989888 822214944 1140999344 274432 4390944 65536 134217728 3016962 805310209 269058048 261423165 8256 8388613 274727939 134350977 4198416 188416 0 330 512 75711496 50368512 8712 559376 1276772352 1157628448 2449476608 33 4194304 134217728 672399368 320 16960 603979781 671236608 131588 21020753 18883602 2240548 2151677968 1155105 134217728 1632635904 2064 16777216 4096 8388628 24576 604465408 100730880 541196288 2 11436053 131657 64 2147484704 536887362 67108936 2281848832 211813378 21594128 0 8390400 83888129 69428296 12714147 1091051650 24 2832203788 269475328 184680621 256 2 2098184 536870912 16793664 402915852 34111538 1082139712 272633920 67272712 4196352 268439553 262148 268501004 352911624 0 537217032 16780673 3223326720 50304 131072 4718920 33669328 16778241 278661 2058 8192 8389640 1048576 0 281034756 201394368 285474925 33611824 0 268435466 320 0 2147484160 1050112 2068 554442754 16781312 2986345472 294912 67241986 2214594061 10486784 2149581185 526352 136314880 33587236 67129880 134348807 2147549216 25166852 453070890 107008 2147484737 2147483648 0 2214592512 536875008 3437570 2147483648 1056768 335544536 12288 12654720 19021830 939528195 4194817 1073741828 12587024 4194304 25182732 2332164097 34735616 142606360 67108864 1065296 16781376 2149588992 16389 256 2281967104 2176844820 75784 589826 537002564 537919488 134225920 67207168 1082458240 134217856 1278987 65536 3087 151063568 478380096 134483969 348288 16392 2105344 1078085800 131072 294916 268435520 1082660995 2222983168 11075584
is_linear=0
shrinkage=0.5


Tree=4
num_leaves=63
num_cat=57
split_feature=8 1 18 40 19 8 3 40 30 19 18 18 19 19 18 2 41 19 30 41 18 22 41 22 41 41 41 34 34 35 34 34 35 34 34 34 34 34 34 35 41 23 35 22 34 23 41 35 41 23 35 41 35 35 41 41 35 22 35 23 34 22
split_gain=83.1137 136.729 199.486 124.896 129.906 119.331 174.756 183.591 197.957 349.748 232.489 205.155 249.6 246.172 180.799 425.093 194.299 167.122 145.961 145.472 145.334 127.352 116.259 121.162 110.174 109.828 109.131 106.384 105.294 101.438 100.413 99.7612 99.2391 105.426 96.0708 95.5687 94.9147 94.693 93.8879 93.2583 92.7423 92.2963 91.929 91.6462 87.9449 85.4201 92.8689 87.0302 84.7969 84.3229 84.3021 82.8638 82.2585 79.6661 78.7402 78.061 76.9123 75.5332 75.3111 74.0882 73.9682 74.1303
threshold=1.6220703125000002 0.10916666686534883 0 1 2 0.90917968750000011 0.075833335518836989 3 4 5 6 7 8 9 10 -0.32916668057441706 11 12 13 14 15 16 17 18 19 20 21 22 23 24 25 26 27 28 29 30 31 32 33 34 35 36 37 38 39 40 41 42 43 44 45 46 47 48 49 50 51 52 53 54 55 56
decision_type=2 2 9 9 9 2 2 9 1 9 9 9 9 9 9 2 9 9 1 9 9 9 9 9 9 9 9 9 9 9 9 9 9 9 9 9 9 9 9 9 9 9 9 9 9 9 9 9 9 9 9 9 9 9 9 9 9 9 9 9 9 9
left_child=1 5 22 38 -5 6 7 14 9 20 -11 13 -13 -10 15 16 -1 25 -17 34 -9 -21 -3 35 60 -7 49 -4 -25 -29 -6 -27 36 39 -16 -24 -26 50 -2 -34 -32 -35 44 -44 -39 46 -30 -47 -40 -19 -28 -31 -37 -42 -33 -54 -50 -58 -56 -52 -8 -62
right_child=3 2 27 4 30 17 24 8 11 10 -12 12 -14 -15 19 18 -18 26 -20 21 -22 -23 23 28 32 31 37 29 45 51 40 54 33 41 -36 52 -38 42 48 -41 53 -43 43 -45 -46 47 -48 -49 56 -51 59 -53 55 -55 58 -57 57 -59 -60 -61 61 -63
leaf_value=-0.00091124528171349084 -0.00066107452857977478 -0.00071396815928892465 -0.00016109527769003762 0.00035773306171904551 -0.00081512446331544197 -0.0010457953312652535 0.00081023930704304803 0.0010219874070571677 0.00099204078674119955 0.00032975814065139275 -0.00054204141360969516 -0.00048635236680638627 0.00018712276539645245 -0.00071324762393487617 -0.0019006145757884951 0.00023512877032771939 0.00085366476287163096 -0.00020092123850190546 -0.00075014494586866931 6.7484058490663301e-05 -2.908895703512826e-05 0.00061439119508577278 0.0011922421317649423 0.00046888197402950027 -0.0012994689946026483 -0.00080589011395204579 0.00072940771042340202 0.00092522741852008039 -0.00082578677984201931 0.00084849965605826583 0.00042060766418217099 0.00033494126864752616 -0.0010155167342418281 0.00071263213249039836 -0.0001623403968551429 0.001093067826332117 -3.539654767337197e-05 -0.00065258583799732151 -0.00067647415562532842 2.2117027583590243e-05 0.0002879024009416753 0.00028973394182685297 0.00014021350443726988 -0.00016578758368268609 0.00059349344428483164 0.00040909705876401858 0.00030426013290707488 -0.00051276344493089709 -0.00047509766864095582 0.00060889484939252725 -0.00098819759568868903 0.00030702306139573921 0.00094225054431262834 -0.00039182851742225466 -0.00093228490459296154 -2.6395064651296707e-05 5.4323061704053544e-05 0.000881589250639081 -0.00019821698469968396 -0.00032418973842140986 0.00018126285567632294 -0.0009537053019812447
leaf_weight=1074 925 3110 4061 2745 2762 3128 886 8802 2836 15656 111660 21588 161799 23045 1549 10621 8863 3101 28711 25243 8424 53655 1239 2802 848 3417 925 2461 996 3152 1461 3242 1016 17931 6493 980 7262 859 683 7144 1516 39853 22132 46808 4987 1135 4725 10208 693 6787 2683 24458 833 15965 2055 6912 1576 3436 24168 6771 1802 3645
leaf_count=1074 925 3110 4061 2745 2762 3128 886 8802 2836 15656 111660 21588 161799 23045 1549 10621 8863 3101 28711 25243 8424 53655 1239 2802 848 3417 925 2461 996 3152 1461 3242 1016 17931 6493 980 7262 859 683 7144 1516 39853 22132 46808 4987 1135 4725 10208 693 6787 2683 24458 833 15965 2055 6912 1576 3436 24168 6771 1802 3645
internal_value=-9.05902e-05 0.000945295 0.0225124 -0.0251543 -0.0422918 -0.00111694 0.00200909 -0.00153565 -0.00754051 -0.0217704 -0.030818 0.0022888 0.00817071 -0.0393736 0.0140617 -0.0101357 0.0822517 -0.0147217 -0.0334825 0.0277739 0.0450748 0.0343049 -0.00525005 0.00435627 0.0236164 -0.0437233 -0.00372902 0.0492912 -0.0182111 0.0595519 -0.0552588 -0.0351736 0.0290282 0.0354479 -0.0362552 0.0493183 -0.023147 -0.00950374 0.0321501 -0.0177435 -0.0422074 0.0429614 -0.00328885 -0.00839714 0.0568453 -0.0329702 0.0168323 -0.0580801 0.05375 0.0459596 -0.0542296 0.050829 0.0307313 -0.0523352 -0.0257658 0.0133428 0.0737274 0.0953423 -0.034858 -0.0683499 -0.0396375 -0.0614581
internal_weight=800303 768541 67072 31762 24449 701469 570406 490019 353810 144542 127316 209268 183387 25881 136209 49269 9937 131063 39332 86940 17226 78898 32940 29830 80387 36010 95053 34132 19866 30071 21704 32882 74054 65944 8042 9964 8110 85165 7313 8160 18942 57784 74786 68940 5846 17064 5721 11343 6388 9888 10379 27610 8725 17481 29465 7745 5705 5012 26223 9454 6333 5447
internal_count=800303 768541 67072 31762 24449 701469 570406 490019 353810 144542 127316 209268 183387 25881 136209 49269 9937 131063 39332 86940 17226 78898 32940 29830 80387 36010 95053 34132 19866 30071 21704 32882 74054 65944 8042 9964 8110 85165 7313 8160 18942 57784 74786 68940 5846 17064 5721 11343 6388 9888 10379 27610 8725 17481 29465 7745 5705 5012 26223 9454 6333 5447
cat_boundaries=0 7 12 19 24 25 32 37 44 51 58 64 72 79 80 88 94 98 106 109 117 125 133 141 149 157 165 173 181 189 197 205 213 221 229 237 245 249 257 261 269 272 280 288 296 300 308 316 324 332 340 348 356 359 367 371 379 383
cat_threshold=786672 805568519 0 536871168 1050112 2148532736 4194304 1627393725 0 0 1426064384 15814661 0 1091043584 10494496 33570819 276836366 276987968 721760 198180864 269128192 260505853 24592 1 224 0 2149581824 260048897 520347724 4327425 16785410 16392 0 536870913 64 0 2147483648 0 2 0 786688 0 0 5123 0 2097152 260046849 520347772 541067265 16785538 16392 0 2098176 260048897 520315004 4327425 16785410 16392 524302 805568516 268960064 0 2147484160 1537 328832 469762720 5738496 1408 537657344 200704 262400 2162688 524288 2147484935 2290106369 404897896 939524160 16777298 184 80 2359316 8650752 85233664 2903510272 31457280 268468224 134283264 2097312 458841 0 0 128 0 2147483648 3221383168 34540347 2852138976 4 75776 34080846 1090519296 33685761 34144256 369106944 4235297 68157442 98869248 4175970304 2532287 2348944384 409605 272769024 2147778564 1054740 2097216 73730 2230272 8448 256 151031842 524290 3456139265 1073741842 401664 11026980 1084297216 264196 3510648832 268570672 270532672 16384 1088016 16781440 1074266250 164354 1610877504 1073774600 360456 1149239296 20973568 16787472 525825 1342187668 143393304 33554432 536870912 4221056 1048649 2359298 8652800 8388624 12584960 34080774 41986 1611694152 1074176004 2099200 1107427840 623680 131328 33858112 17825796 4327680 8388738 9437344 2101252 8192 270272512 1480589324 99608 41984 10502212 33555458 20979712 2148532466 5332993 2281701377 4456449 17334272 591872 795648 2349859205 404750336 269485184 50331649 9220 1074008320 16842889 262148 4198409 67126272 807404544 0 341942528 1079509056 4198400 34242632 8236 37384 1278214144 1073840137 0 138436610 6291570 5242880 10 1107296288 2147516480 805314560 527424 268452369 336642053 360464 64 86144 2147614720 420495432 2755657744 1090521120 134562050 33619976 587219968 2097665 5242896 69697 18874630 536872964 1245825 1049616 2415921184 5120 67110944 36 546341120 268460160 3356491776 22547 3221225492 262144 2416451585 839123041 2147631105 406 1342251016 16777216 1073892026 2692743168 660951957 7 2359296 262144 268591616 25165824 1413480451 53 318808065 352416 1073949216 2166312794 3053846529 4 278528 67240963 151519232 4196384 327808 772022272 2181568512 73404420 4523903 24683245 8389891 1120714896 131328 266240 16777224 2147485696 1183744 268566530 8921188 4457408 2164523072 268443777 6272 2315321408 1076105218 1210056832 8192 536879104 139722944 2147491840 559272 270532617 10529 8390659 65537 2887913703 436310026 10891331 2 131074 2163200 2151679008 848 526340 285221033 1096876544 1179649 671121408 137494536 5242880 839387664 1086652417 65536 536875016 37749056 4264266 152043552 2147753984 67108864 133137 805314560 64 98888 139460608 131072 2050 2407531008 118489472 2214723664 202379296 262148 67504131 67108928 8912896 21103104 3211268 151519240 687870056 4225 2181038594 268697600 2684354592 134484048 67377184 3238529025 671105026 33284 184681216 1208107136 65669 537133072 67115144 4196352 1 2106384 733037856 34669585 480953128 805569728 3149826 155664 268435460 2182113408 1086341120 536870914 36928 138268220 67108942 609223698 3 50888720 128 67240004 2695626790 2833252352 2147483664 268959764 8 335637552 2722124034 3924828453 1
is_linear=0
shrinkage=0.5


Tree=5
num_leaves=63
num_cat=60
split_feature=5 38 41 34 41 41 35 34 41 41 19 35 35 34 34 34 34 35 41 35 34 24 35 24 21 34 24 24 35 24 34 41 35 24 21 24 24 24 34 41 24 24 35 35 34 21 24 24 21 40 34 41 24 35 34 4 19 35 38 24 35 34
split_gain=79.6356 121.344 93.779 92.1737 82.3572 77.7622 76.6998 76.3829 88.2581 68.7851 80.022 72.6834 69.3359 70.3682 69.8486 67.0447 65.6948 65.3602 64.762 65.7565 72.6801 66.0717 76.6753 64.693 63.3667 62.6718 60.4024 59.2114 58.4344 53.4454 53.0718 70.1191 68.2719 54.623 54.1748 52.6928 52.629 50.1929 49.6024 48.8996 67.7081 50.1755 66.4627 62.223 45.674 44.5537 43.6405 43.1596 43.1568 43.0123 70.3968 71.6308 62.6919 59.7204 56.8657 54.7618 147.131 88.2939 64.5863 60.9291 56.1387 65.2555
threshold=0.060833333060145385 0 1 2 3 4 5 6 7 8 9 10 11 12 13 14 15 16 17 18 19 20 21 22 23 24 25 26 27 28 29 30 31 32 33 34 35 36 37 38 39 40 41 42 43 44 45 46 47 48 49 50 51 52 53 0.0091666667722165602 54 55 56 57 58 59
decision_type=2 9 9 9 9 9 9 9 9 9 9 9 9 9 9 9 9 9 9 9 9 9 9 9 1 9 9 9 9 9 9 9 9 9 1 9 9 9 9 9 9 9 9 9 9 1 9 9 1 9 9 9 9 9 9 2 9 9 9 9 9 9
left_child=1 2 -1 -4 24 -5 -7 8 -6 11 16 -9 14 -14 -12 -8 -11 -10 19 26 37 22 45 -17 -3 48 -2 -19 46 -18 31 35 33 -33 -35 -20 -13 -21 -30 40 -34 42 -41 -43 -27 -22 -23 -26 -24 50 -32 52 -52 -53 -55 56 59 -58 -59 -51 61 -57
right_child=18 4 3 5 7 6 15 9 17 10 12 36 13 -15 -16 23 29 27 30 20 21 28 25 -25 47 44 -28 -29 38 -31 49 32 39 34 -36 -37 -38 -39 -40 41 -42 43 -44 -45 -46 -47 -48 -49 -50 55 51 53 -54 54 -56 60 57 58 -60 -61 -62 -63
leaf_value=0.015059793791465381 -0.0023885245336714434 0.00091588659256558458 0.0091186150161775004 -0.0063084178751466879 -0.0078713854582588283 0.01209119099758027 -0.0044974403969604282 0.010142883055323182 0.005926540716643558 -0.0030503850040872749 -0.0032133969709207122 0.0067631869937940792 0.0025681592213118165 -0.00048078190062028625 0.0045753647280548648 0.0069312979929350149 0.0072589057120353573 0.0021044902139806254 -2.6628639375303464e-05 -0.0012937925678215834 0.00021161352196941152 -0.00014615261761719012 0.00014866217975395557 0.00064479525477167954 -0.000758265394637192 -0.00055688279007881647 -0.0005458515836380684 -0.00324012267009266 0.00050307515050462825 0.0025970890021653759 0.0003029970982879604 0.0008506774257455163 -0.0011567655512862984 0.00075224104352855647 -0.00018065160111291334 0.00092703113978132023 -0.00034357086585146135 -0.00034751541073774206 -0.00019165901562701038 -0.00080849230306512254 -6.6078015606763074e-05 0.00051205456929892534 -4.163382800470572e-05 7.520188682974549e-05 0.00032875442343538452 -0.0011634597954071069 -0.0010914068184320058 -0.0070638220722685219 0.0016377473793909303 -0.0015478147332714798 0.0010837074558480708 -0.00087438118862337433 -6.680696742478176e-06 -0.00054418100398834213 -0.00012027463480990264 0.00026309051816042484 0.0015996418101167365 -0.0035548486940797375 -0.0011406525713937299 0.0039447263654892595 2.0718505481909233e-05 -0.00018720740354183363
leaf_weight=784 662 1075 1245 1036 928 909 778 773 659 432 585 535 3743 22296 2615 1995 769 1023 1872 1745 795 1881 436 4156 536 1499 1444 2209 2802 1716 7261 2140 1678 2008 2556 3919 1332 4028 24633 2102 3765 6566 18057 37079 10305 1267 2321 1247 721 326 1917 3204 3976 8431 55245 7426 669 2224 1367 885 472090 45625
leaf_count=784 662 1075 1245 1036 928 909 778 773 659 432 585 535 3743 22296 2615 1995 769 1023 1872 1745 795 1881 436 4156 536 1499 1444 2209 2802 1716 7261 2140 1678 2008 2556 3919 1332 4028 24633 2102 3765 6566 18057 37079 10305 1267 2321 1247 721 326 1917 3204 3976 8431 55245 7426 669 2224 1367 885 472090 45625
internal_value=-3.56111e-05 0.0186219 0.0656436 0.0525614 0.00653171 0.0345487 0.0515923 0.0124536 -0.0464707 0.0206274 0.0142377 0.0980391 0.00634165 -0.0022072 0.0756537 0.0334966 0.0930351 -0.0131949 -0.00136894 -0.0179557 -0.0144628 -0.00790623 0.0193881 0.0510303 -0.0752612 0.0336468 -0.104344 -0.04254 -0.0208695 0.124349 -6.21025e-05 0.0119016 0.0078525 0.0559857 0.0249125 0.0648802 0.0439062 -0.0673293 -0.0124422 0.0031837 -0.0422548 0.00706719 -0.0135591 0.0165953 0.0226811 -0.0699131 -0.0757 -0.132869 0.14414 -0.00166378 -0.0124678 -0.0171533 0.0356477 -0.0218113 -0.0184493 -3.39219e-05 -0.0497898 -0.0933988 -0.12448 0.103434 0.000484629 -0.0149351
internal_weight=800303 53376 10903 10119 42473 8874 7838 39615 4819 34796 32156 2640 29239 26039 3200 6929 2917 3891 746927 54539 52433 46660 15023 6151 2858 12961 2106 3232 31637 2485 692388 81742 75951 6704 4564 5791 1867 5773 27435 69247 5443 63804 20159 43645 11804 2062 4202 1783 1157 610646 80034 72773 5893 66880 63676 530612 5471 4260 3591 1211 525141 53051
internal_count=800303 53376 10903 10119 42473 8874 7838 39615 4819 34796 32156 2640 29239 26039 3200 6929 2917 3891 746927 54539 52433 46660 15023 6151 2858 12961 2106 3232 31637 2485 692388 81742 75951 6704 4564 5791 1867 5773 27435 69247 5443 63804 20159 43645 11804 2062 4202 1783 1157 610646 80034 72773 5893 66880 63676 530612 5471 4260 3591 1211 525141 53051
cat_boundaries=0 8 16 24 32 40 48 56 64 72 79 87 95 103 111 119 127 135 143 151 159 163 171 175 177 185 189 193 201 205 213 221 229 233 235 239 243 247 255 263 267 271 279 287 295 297 300 303 305 310 318 326 330 338 346 353 361 369 372 380 388
cat_threshold=1121924 2554595088 4096 1073741824 134217728 68 268992516 9777 536904713 4194337 67256320 344080384 524302 25428036 1082195968 65552 1073750016 2703228928 1581152 3232760065 8717348 16 100679680 131600 1622016 8388992 8 540672 206589956 2147571208 67108966 514 134222336 2416052352 1342177300 2701133842 1228935168 53248 2080 34822 24578 2183139328 107520 1350861888 4720768 411050002 64 8226 16448 33562642 268443736 2149450049 0 547373088 8422560 33554528 150996617 285283336 550535169 16777744 10486784 524288 0 2100 67108900 590852 805307520 2103300 545390592 404785152 570507264 37016 0 1077952512 2101284 42010624 8328 235880460 1778304 268665346 62917636 109576896 512 536907776 16782336 335544896 64 117441152 268633088 269549584 269484292 1075855552 537460737 2 34226432 268838148 83902496 101483011 16781348 128 1073774848 805306368 71303296 889356288 268566560 262146 1090586624 1224736784 83984640 1342181382 67371008 131072 64 1140850688 268665360 2214740104 201981952 2148799584 10485888 0 1074266116 33560577 92278792 73857 17043712 131080 8459274 2148074004 1090 102764554 8 1224769536 209978368 2151680528 1048576 1075863552 5 131074 0 67403778 25455744 2876424 12587008 1054208 278596 3489660928 537133952 2359296 8388616 1353737 17842944 1142948864 32776 33820688 740319296 2294024 1107313666 16809984 33558544 2149835009 738362048 158011729 13 0 268509848 786434 2148008996 286279680 256 541594176 67182600 556042910 1581254096 2419195925 2 1964491072 3238860038 176685060 512 269484544 33554720 5259264 2818572288 537944272 8914752 666929536 2151815688 829985488 1 546347870 1150109956 44204144 1 1073743936 2148007936 69206056 1073938512 1073741828 85984256 1350631424 4523059 3248156 370549395 637683201 9 64 131072 2399404064 131080 2106240 168051778 4753432 69648 71827456 537001986 603979824 268468224 3238072328 100663572 268435905 16794640 272662784 2155947008 1879064576 75759616 138412288 2134016 50471968 4259880 2751987776 638702636 2838578124 2 1726290154 605986891 2223550762 623939285 4205568 7 92333761 2248181828 2425569315 8 2298774106 71434934 543981630 8 134254848 64 0 1028 9453569 67702808 6293264 541577 2147516416 2215903232 160434176 2147753984 135266304 138477632 2373978624 1278080 1145183848 126979 2561196720 4 872960032 3595126467 2147616109 4 1050772 557056 516 2181071105 1075839076 8200 2155872516 3543232 2148730880 260 1049096 2147517474 1879050278 41945216 10223680 4096 268436032 139526144 2300577792 16842772 4162 4196416 6291456 2097155 2429558074 415047706 1145045100 3507845394 2693047432 22289427 1717846051 320880786 648065832 2877931840 1896877825 268632064 18087938 1073741888 12713986 163842 33554432 1073743872 8242 554964992 1342177280 1073766464 70290447 671614976 616571136 202379268 19398664 1793 570425426 17 32772 142643338 613453021 360751877 9 536870912 1074413632 2147491841 201464320 134253314 262273 49153 17989632 12 16777240 1073347 2231636481 134217761 2172715008 1056 925696 65664 100708361 3170818 201371649 16787456 268439680 1073156 8836 50331653 2164260864 3416064 293613573 138575876 134283264 41943041 17897480 2281963554 8 2185510912 16944256 512 286261248 8704 2969862400 554348546 2173702945 2106112 3146769 268664832 3221491712 524288 134299844 19529728 5505040 135538696 50339845 1065216 8405024 67174416 2147614720 75514882 50880512
is_linear=0
shrinkage=0.5


Tree=6
num_leaves=63
num_cat=56
split_feature=7 23 1 18 39 23 1 22 38 22 7 25 38 22 38 7 41 41 41 34 1 39 18 22 22 23 22 19 34 34 41 34 34 41 35 35 41 34 35 35 34 35 41 41 34 41 34 34 34 34 34 22 41 34 41 34 41 35 34 35 35 41
split_gain=46.4793 135.022 233.478 288.679 259.351 236.563 238.791 176.026 139.828 135.609 119.005 327.43 140.085 130.411 119.684 113.909 109.829 106.547 104.125 103.466 102.643 365.979 275.535 152.567 147.155 132.948 130.438 118.473 124.01 115.147 109.85 107.081 104.659 102.627 102.487 102.184 102.114 105.958 101.161 100.962 100.739 100.579 99.2323 99.2132 100.916 98.5766 98.4515 98.4324 97.6294 97.3859 96.2816 95.8165 106.318 95.4935 95.4778 95.3829 94.3865 92.9545 91.6544 91.5367 90.9789 90.9023
threshold=0.082031250000000014 0 0.024166666902601722 1 2 3 -0.027500000782310959 4 5 6 0.22265625000000003 7 8 9 10 0.23046875000000003 11 12 13 14 0.0041666666511446246 15 16 17 18 19 20 21 22 23 24 25 26 27 28 29 30 31 32 33 34 35 36 37 38 39 40 41 42 43 44 45 46 47 48 49 50 51 52 53 54 55
decision_type=2 9 2 9 9 9 2 9 9 9 2 9 9 9 9 2 9 9 9 9 2 9 9 9 9 9 9 9 9 9 9 9 9 9 9 9 9 9 9 9 9 9 9 9 9 9 9 9 9 9 9 9 9 9 9 9 9 9 9 9 9 9
left_child=20 40 3 5 9 18 33 17 41 16 12 19 50 -14 15 -13 -4 -6 -3 -12 22 23 25 29 27 36 31 28 -23 -22 47 -24 -29 -7 -15 -33 -1 -38 -10 -27 -2 -9 -8 -26 -45 -37 -43 -28 -18 -40 -5 52 -41 -20 -31 -32 -11 -19 -44 -16 -46 -21
right_child=1 2 4 10 7 6 42 8 38 56 11 14 13 34 59 -17 48 57 53 61 21 24 26 -25 43 39 30 32 -30 54 55 35 -34 -35 -36 45 37 -39 49 51 -42 46 58 44 60 -47 -48 -49 -50 -51 -52 -53 -54 -55 -56 -57 -58 -59 -60 -61 -62 -63
leaf_value=0.0013329949153160214 -0.00029201459187788714 -0.0015127544439224039 -0.0015187498373450126 -0.00086644952410352971 -0.0011566846701498434 -0.0027183533630648071 0.0021700470763335034 0.0012331027382685988 0.000769005072015716 -0.00049337893130996235 -0.00097503518716735016 0.032598244781539165 -0.00063036480879929968 0.00041599108035939025 -0.00051543247190011243 -0.013449089025755256 0.0015670022002751693 0.00043505809790644889 -0.0017663428344292242 0.0011492501904086794 0.0017023123693036268 0.00092089847240117706 -0.00057347879800317969 0.0010272586972348563 0.0002555944508912944 -0.0012397189709076883 0.00095235960232287198 0.00078122389791701607 -0.00034023532379023891 0.0016289629249968129 0.00072548575596442788 -0.00060779380071096512 0.00012821495307946407 -0.0012626670951192409 -0.00024650432214912144 0.001101037179978448 0.0010992015288735502 -9.3828160146358641e-05 0.00063178460729318431 0.00099974385605605676 0.00014907518000484288 0.00067463323411942611 -0.0030650292772236298 0.00011404421817928778 -0.00064702804078820009 0.00013111569516865984 -0.00063475320439465577 -0.00053617430950225753 -5.3804913875410421e-06 7.2251217403618284e-05 0.00030717771015531525 -8.0341737970002214e-05 -0.00088512528063233731 0.00074303341152415214 -0.00067076389663611735 0.00032463681198180439 0.00096991020214431956 -0.00033181813736860022 -0.00053233833402543951 0.0014172246689696522 -0.00024603191729966056 -0.00010597313151095022
leaf_weight=1561 17159 1422 835 3052 3451 2213 1149 883 5053 1093 6444 148 26044 5750 1035 608 998 3729 982 3728 695 1008 4308 11370 6967 2487 796 4097 10181 841 8109 3338 26688 14303 56085 1557 1748 12067 6597 768 135624 1618 1386 10331 8904 25288 11087 4118 6551 44333 21668 20531 8949 8030 3777 59998 15463 23491 11342 10160 63511 42796
leaf_count=1561 17159 1422 835 3052 3451 2213 1149 883 5053 1093 6444 148 26044 5750 1035 608 998 3729 982 3728 695 1008 4308 11370 6967 2487 796 4097 10181 841 8109 3338 26688 14303 56085 1557 1748 12067 6597 768 135624 1618 1386 10331 8904 25288 11087 4118 6551 44333 21668 20531 8949 8030 3777 59998 15463 23491 11342 10160 63511 42796
internal_value=-1.87397e-06 -0.00298401 -0.00848375 -0.0183538 0.00873115 -0.0562575 -0.0785562 -0.00262333 0.0112887 0.0543443 -0.00963217 0.0074167 -0.0194625 -0.0288141 0.0821282 -0.109375 0.00250116 -0.034172 0.00871144 -0.00945639 0.00486686 -0.00454263 0.0138377 0.0651991 -0.0133828 -0.0176111 0.02791 0.0110513 -0.0329881 -0.00478869 0.0398792 0.00256499 0.0270643 -0.119203 -0.0163064 0.0130982 0.0207304 0.00697908 0.0223323 -0.0356216 0.00938185 -0.0341912 -0.0302255 -0.0248147 -0.0296406 0.0233645 -0.0455689 -0.0322777 0.0216241 0.0156256 0.0137878 -0.0276272 -0.0685065 0.0285904 -0.0334773 0.0450902 0.080577 -0.0236486 -0.0429356 0.0951637 -0.0362365 -0.00122485
internal_weight=800303 496310 343527 218345 125182 40827 30393 100242 69571 24940 177518 64919 112599 87879 11951 756 8384 30671 10434 52968 303993 148370 155623 16683 131687 48111 107512 41974 11189 5313 73021 34491 30785 16516 61835 30183 15376 13815 55983 32735 152783 13588 13877 89713 82746 26845 12705 4914 7549 50930 24720 30248 9717 9012 4618 68107 16556 27220 12728 11195 72415 46524
internal_count=800303 496310 343527 218345 125182 40827 30393 100242 69571 24940 177518 64919 112599 87879 11951 756 8384 30671 10434 52968 303993 148370 155623 16683 131687 48111 107512 41974 11189 5313 73021 34491 30785 16516 61835 30183 15376 13815 55983 32735 152783 13588 13877 89713 82746 26845 12705 4914 7549 50930 24720 30248 9717 9012 4618 68107 16556 27220 12728 11195 72415 46524
cat_boundaries=0 4 10 15 17 21 28 32 36 43 46 53 61 69 77 85 90 97 101 104 108 111 118 126 134 142 150 158 166 174 182 190 198 206 214 222 230 238 246 254 262 270 278 286 294 302 306 314 322 330 338 346 354 362 370 378 386
cat_threshold=0 3758161920 4294930643 15 65539 8 524288 0 0 1 2149580802 2550267904 16 25170200 2148597763 0 268345088 307277 261912 1742077952 5 1064128 438586128 72 541069568 1 1610612800 19398928 69550080 4155850816 1073764159 4 1 0 0 16777216 1260736 2588166144 67720 71303168 2415919104 1073741828 2192 292808769 4045144064 10935 1260736 0 64 536870912 2147483648 96 16 75497504 69206048 2359362 4205056 167813123 1075879937 2147483680 655656 4722944 2169111110 2147483648 2281963648 2164737 33816832 33570816 2105394 262660 49152 4720128 8192 2152038656 17306270 145293312 512 536873233 2 537657345 336086048 2157969408 202506372 263304 3276800 2149580800 134217984 32784 8392728 2148532481 196643 268435465 655424 524288 2147483648 2098688 2097152 634392576 4249092165 1101215 1 766550029 4048551936 63295 537918504 411582600 276595520 9 758129664 4293689344 536910139 0 2169504782 27288096 402694181 134381744 288 98304 135340112 8 285212672 163596808 2149714432 0 4849688 9715720 1073741824 134482116 2289308171 4460545 163840 2147487744 1073742850 33554436 2147483904 42991656 117443584 268697600 147633 269484041 1140886596 4 1090658336 81936 603980806 268440064 3514827088 1073741888 262148 83951744 8224 18875473 536887316 35786753 268959745 532512 71303680 17391872 1073741824 13330 143165440 10485760 1096876544 2166489110 268435840 75498496 0 37880840 768 671122432 75530506 262148 3573549064 3277442 256 5767424 536905728 562036736 2134019 84017666 575144036 38011904 543178772 536936580 304089088 268440644 2101256 2148532736 4194304 1179914 142671872 1073742464 81936 16448 100730388 1140916304 537264128 1048980 1124409640 1073791488 57344 3238265092 134217760 1212416 2155876352 1049600 20988928 128 16777217 1074790400 134217728 23863309 3227649056 1265696 0 33818624 1480606208 1147801664 6184 4096 269484114 1343618 2214625281 4333568 553718789 1065472 1048648 117440640 1091567648 18351104 537578690 1207960577 541065280 543178884 1050624 134254592 268435584 33554440 1024 4718608 101191680 24610 1078068896 808616019 0 786436 673456129 1048720 2149320720 2151284800 4096 131 281604 33554688 2048 301990017 3488 33816609 4097 2215202848 8825344 8 553656392 33820756 1073743872 2147500032 33558528 134873408 3221242417 133120 537133064 2160069633 402653208 1074793504 67125504 1075843218 64 65536 288 3791654912 1073744398 2151680000 268451904 12649504 1052672 83904516 71303808 813826048 136380428 2359808 11542784 396492800 538968064 16777728 2149583432 268435456 268503104 2149617664 33554624 278955528 1082131008 8388641 1796118890 3221225482 606179956 1 41111714 266440 2097156 38 128 262400 1107296257 16 8388676 2155905024 2282041360 2149122112 8388640 272633856 402800642 4210689 12288 16777220 1076887559 815040812 2147491848 4202496 0 33344 268701736 33554433 20976128 2148008968 2283815216 33587216 83889168 2097408 8915076 75498136 32913 12845057 268435472 671088656 1073742864 18087968 266244 32896 538994688 3145728 301989897 3758228037 262944 16777316 67108880 70 35669000 16777728 150996608 2293760 143392928 7340288 75633152 319029248 536875024 131072 524290 3221488128 563087361 132609 2097152 302121088 2418147456 2138112 286261274 2153775108 100733056 9437697 2164260864 41943362 1556087072 33554688 33980433 96468992 2097153 1056768
is_linear=0
shrinkage=0.5


Tree=7
num_leaves=63
num_cat=59
split_feature=25 3 39 34 41 41 1 34 38 41 34 34 1 39 34 38 22 22 41 41 22 38 41 41 34 34 34 34 22 34 41 41 41 41 19 41 34 34 34 34 22 34 38 41 34 41 34 41 19 41 41 24 41 34 24 34 34 41 41 34 34 41
split_gain=52.7332 88.1726 99.8496 113.828 102.662 97.0516 94.151 94.8391 92.3325 92.2068 88.0497 83.6293 83.1933 283.964 137.796 134.052 130.904 128.712 110.311 105.736 102.936 99.0513 110.036 95.7485 94.981 94.5714 91.3874 89.3178 89.316 90.6088 87.7494 87.3536 87.2691 87.1711 85.7475 83.0575 82.8054 80.3604 80.0629 79.359 77.5079 98.4868 102.61 89.0594 82.085 76.4078 77.4124 75.0168 79.8016 74.8923 74.8282 74.1817 74.1025 73.8066 72.4753 72.4434 71.8201 71.5703 71.2221 70.5181 69.7073 68.969
threshold=0 0.10750000178813936 1 2 3 4 -0.067500002682209001 5 6 7 8 9 0.042500000447034843 10 11 12 13 14 15 16 17 18 19 20 21 22 23 24 25 26 27 28 29 30 31 32 33 34 35 36 37 38 39 40 41 42 43 44 45 46 47 48 49 50 51 52 53 54 55 56 57 58
decision_type=9 2 9 9 9 9 2 9 9 9 9 9 2 9 9 9 9 9 9 9 9 9 9 9 9 9 9 9 9 9 9 9 9 9 9 9 9 9 9 9 9 9 9 9 9 9 9 9 9 9 9 9 9 9 9 9 9 9 9 9 9 9
left_child=12 5 3 -3 11 59 7 -7 38 -9 52 -4 21 14 -14 20 19 31 -18 -17 37 22 54 -19 -20 51 -25 -24 29 -29 -23 -16 -22 -27 -26 -31 -34 -15 -8 -30 41 -32 43 -43 -44 53 -47 -5 -49 -40 -41 -21 -10 -6 -1 -42 -33 -28 -39 -2 -50 -12
right_child=1 2 4 47 45 6 8 9 10 -11 61 -13 13 15 17 16 18 23 24 25 32 30 27 26 34 33 57 28 39 35 40 56 36 -35 -36 -37 -38 58 49 50 55 42 44 -45 -46 46 -48 48 60 -51 -52 -53 -54 -55 -56 -57 -58 -59 -60 -61 -62 -63
leaf_value=0.0020658903321120192 -0.0010256419642402648 0.00049128256775787804 -0.00051987217721816137 0.00043355012917345448 0.00072150688495042914 0.00067788629231557707 0.0011653226739127831 -0.00076553440077020696 -0.00099130428605676002 3.7399147547745315e-05 -0.00090682139108366755 0.00060785045769051749 -0.0013509518035235146 -0.0015741076954896016 0.0011570464340522335 -0.00091780752138959087 -0.00051294789521705297 -0.0015361014598127554 0.00064124718535651937 0.00024944232313117709 -0.00048893958497231438 -0.00049115786849540655 0.0005958311816058881 0.0005664840851729025 0.00055994667696168676 0.00086557280442889351 0.00059550014315590261 -0.0011179991527470179 -0.00040908404927719744 -0.0014630402985780222 -0.00038109883472259298 -0.0010045189676830546 0.0021348488047863157 -9.3184711040805723e-06 0.00012721082457289867 -2.2827706256833835e-05 0.0010146054736495103 -0.0012237502138070511 -0.00087948650802616157 -0.00070270123987370425 0.00019402188483752525 0.0014918211413110782 0.00055875143569039665 0.00030872759684541506 -8.3657474213794103e-05 0.00032789397105048579 3.6633755563286741e-05 0.00044971019863382367 -0.00083753009919007582 0.00010947502731895042 0.00033355478509378145 -0.000990436568336861 0.0002363290254407957 -0.00044956536135742908 0.00051147959824859868 -0.00013624924012844986 0.00028119642433921399 -0.00058269209725381188 0.0007076660971776505 0.00045211164562886097 -0.00027731741943881616 -0.00036469221730328627
leaf_weight=1805 908 2181 704 1359 565 3701 1976 2804 940 25490 4468 5449 2974 675 1036 1979 3703 1610 8553 1003 842 21761 11463 1956 12246 2130 911 3139 6826 1496 11389 826 1110 23654 44014 20500 8794 624 2433 2839 24349 2542 7118 31779 45194 9278 61823 1552 1987 13298 43247 2266 7706 4930 3756 183309 5877 11862 3923 8218 16330 57123
leaf_count=1805 908 2181 704 1359 565 3701 1976 2804 940 25490 4468 5449 2974 675 1036 1979 3703 1610 8553 1003 842 21761 11463 1956 12246 2130 911 3139 6826 1496 11389 826 1110 23654 44014 20500 8794 624 2433 2839 24349 2542 7118 31779 45194 9278 61823 1552 1987 13298 43247 2266 7706 4930 3756 183309 5877 11862 3923 8218 16330 57123
internal_value=8.18435e-05 -0.00620868 0.00446496 -0.0243585 0.0126207 -0.0149883 -0.0187702 0.00445353 -0.0272212 -0.00540521 -0.0353528 0.0746958 0.00270044 0.0131444 -0.0329589 0.0239422 0.0171153 -0.0203819 0.0293165 -0.00982476 0.0664581 -0.000823641 0.013383 -0.0455324 0.0341149 -0.00218475 -0.0327997 0.00913742 0.003081 -0.0214538 -0.0049488 0.0327054 0.0944413 0.00798572 0.0266385 -0.0100872 0.107604 0.00878864 0.00505106 0.0147381 -0.00276422 0.00882347 0.0145709 0.035811 0.000630681 0.00762322 0.0120161 -0.0355461 -0.0433328 -0.00689194 0.0221918 -0.0821395 0.0118965 -0.0491193 0.0815539 -0.00823422 0.0116902 -0.0482206 0.0327922 0.0346903 -0.052567 -0.0419866
internal_weight=800303 235223 106158 23409 82749 129065 119939 31995 87944 28294 70237 6153 565080 142568 27052 115516 99548 24078 68516 31032 15968 422512 95071 16339 64813 29053 14729 89510 78047 25135 327441 7739 10746 25784 56260 21996 9904 5222 17707 52912 305680 98022 86633 34321 52312 76596 71101 21228 19869 15731 46086 3269 8646 5495 5561 207658 6703 12773 4547 9126 18317 61591
internal_count=800303 235223 106158 23409 82749 129065 119939 31995 87944 28294 70237 6153 565080 142568 27052 115516 99548 24078 68516 31032 15968 422512 95071 16339 64813 29053 14729 89510 78047 25135 327441 7739 10746 25784 56260 21996 9904 5222 17707 52912 305680 98022 86633 34321 52312 76596 71101 21228 19869 15731 46086 3269 8646 5495 5561 207658 6703 12773 4547 9126 18317 61591
cat_boundaries=0 4 8 16 24 32 40 48 56 64 72 77 85 93 96 99 107 115 119 126 134 142 150 158 166 174 178 186 194 202 210 218 225 233 241 249 257 265 269 277 285 293 301 309 317 325 332 340 348 352 360 368 371 379 387 395 403 411 419 427
cat_threshold=1342242835 1073741825 0 1342177280 23070265 1208125504 1327128 8 16782368 805306368 16640 2168725504 8389825 134742017 2418024705 4259845 1073741856 2228256 603988528 16384 138676290 8815232 32776 594689 2684365056 1048832 771752962 1207975936 2218786820 572533248 262211 1536 8650764 4 554696832 268437504 16393 538608640 268474498 4719252 277026764 16384 0 815360 2415952912 4 34881560 1 1048640 1082195972 16785408 2364416 1073882112 2148532246 8930828 133121 135178 1073758352 3288399872 537001984 33555328 5324802 1074266136 5784064 794880 0 147777 33832960 1085376608 67150848 33825345 262144 71372360 0 4194304 1073741825 273481732 1082147072 1077944576 67108864 570493954 268828740 16912400 570425347 50364424 1121224 33849360 1024 0 32768 513 1605768 569 8389160 68157215 1086259203 614728197 3734999808 1066015 276827136 270598144 268435456 536616 32768 676348448 277884930 65667 1073778736 2098316 2283814912 1090535424 33816576 9699904 540016736 4195328 1437729792 1377072209 2499806492 6 1091707968 2285947136 1118273 4239872 65536 1073741920 16779524 524800 23331257 67174432 1172 301990208 1140854816 2081 272 23085344 2149590080 1048612 138412545 71307266 100925444 4194594 33554436 532608 814219266 2131460 302010381 8390656 2147614788 65536 18944004 2560 2147483712 285214148 537397248 33554432 555745280 2228272 59580720 1608 790537 268443654 131072 75499010 3288334337 142876672 81789440 638582784 4128 436338840 198656 512 2415919360 17049216 2753560 1061783 1033668864 1677787221 5 348 0 16843264 538968064 537989120 67149958 1343750176 101793824 12 1032 2050 16 373293092 2403344 70322248 17303056 32 2147484928 1615889418 67145792 538968096 537149570 135790592 83951640 3360 1075888192 268585985 134217728 4 32896 3089138688 2627584 536871424 9568320 48 402655744 218251300 2147483684 1552154624 19169280 28 67686656 16946 81985 28672 1476988932 1507328 603982864 16384 1073746048 1344325890 68163584 524292 545787904 2490369 285212672 2218803232 20980736 2189688840 269485056 8454656 2186280992 2304 202642112 4227072 50331648 16640 10944514 917569 2181038100 12292 268443649 603983872 1241522696 1073742848 2415984932 8404992 3212816 12582977 272892096 79953920 1141899266 1074282512 8512 17026 939540544 2562 1526726932 84170573 635256896 1 75497474 0 134332680 209718528 13139972 4227104 536895488 2368130 536877060 2097154 11264 3758375168 288540816 0 270549120 1 1073742962 1074931712 1073873024 1141374976 1114112 3531604008 1091043328 294912 1090521088 2129940 805308416 2147549700 5410 553654400 140510368 67108880 4194368 38862864 2180 524288 1083711492 1275084834 2703618 67371010 67108929 138412044 272893953 570425600 136355904 681582912 4194308 8202 69206018 33554437 24584 541077514 537923904 2147811586 268444176 262144 0 30720 6304264 8394753 8396866 168493068 1966212 17956933 139264 16941064 36178184 1576992 266240 2416066576 17305600 136314884 1073774656 805307409 280832 159387673 536887368 671154176 1097728 892862608 1349017858 302764173 8 1589248 2147483746 2159153216 2415951942 131072 2 201981952 4169 553648272 1074271233 42008736 134217730 68157441 268435456 270795024 8392962 2498314328 2962442528 2701525262 1180304 134217728 1107365888 67633180 2416443393 33554472 42090496 17039654 839389196 2149580801 8388640 163840 243302408 1130496 69275648 5242882 67108864 67108868 67289344 16384 1075118128 3222798346 539494465 132610 160 69222531 1157627914 4456484 17826946 134226180 1082130432 2048 142606336 32768 86016024 2148573200 20971600 2684354560 268525650 4225 536870912 8388609 545259649 402653280 1091708934 536870912 1213268000 95453184 1076887552 524289 2228224 37120 1212022785 84164610 293611656 4098
is_linear=0
shrinkage=0.5


end of trees

feature_importances:
Column_34=114
Column_41=96
Column_35=55
Column_22=29
Column_19=22
Column_38=22
Column_3=19
Column_39=19
Column_24=17
Column_18=13
Column_8=12
Column_23=11
Column_21=10
Column_40=10
Column_1=8
Column_7=8
Column_5=6
Column_25=6
Column_0=5
Column_26=4
Column_6=3
Column_4=2
Column_20=2
Column_30=2
Column_2=1

parameters:
[boosting: gbdt]
[objective: regression_l1]
[metric: l1]
[tree_learner: serial]
[device_type: cpu]
[data_sample_strategy: bagging]
[data: ]
[valid: ]
[num_iterations: 8]
[learning_rate: 0.5]
[num_leaves: 63]
[num_threads: 1]
[seed: 222279557]
[deterministic: 1]
[force_col_wise: 1]
[force_row_wise: 0]
[histogram_pool_size: -1]
[max_depth: 8]
[min_data_in_leaf: 60]
[min_sum_hessian_in_leaf: 0.001]
[bagging_fraction: 1]
[pos_bagging_fraction: 1]
[neg_bagging_fraction: 1]
[bagging_freq: 0]
[bagging_seed: 27615]
[bagging_by_query: 0]
[feature_fraction: 0.9]
[feature_fraction_bynode: 1]
[feature_fraction_seed: 17026]
[extra_trees: 0]
[extra_seed: 9756]
[early_stopping_round: 0]
[early_stopping_min_delta: 0]
[first_metric_only: 0]
[max_delta_step: 0]
[lambda_l1: 0.0005]
[lambda_l2: 2]
[linear_lambda: 0]
[min_gain_to_split: 0]
[drop_rate: 0.1]
[max_drop: 50]
[skip_drop: 0.5]
[xgboost_dart_mode: 0]
[uniform_drop: 0]
[drop_seed: 6576]
[top_rate: 0.2]
[other_rate: 0.1]
[min_data_per_group: 100]
[max_cat_threshold: 32]
[cat_l2: 10]
[cat_smooth: 10]
[max_cat_to_onehot: 4]
[top_k: 20]
[monotone_constraints: ]
[monotone_constraints_method: basic]
[monotone_penalty: 0]
[feature_contri: ]
[forcedsplits_filename: ]
[refit_decay_rate: 0.9]
[cegb_tradeoff: 1]
[cegb_penalty_split: 0]
[cegb_penalty_feature_lazy: ]
[cegb_penalty_feature_coupled: ]
[path_smooth: 0]
[interaction_constraints: ]
[verbosity: -1]
[saved_feature_importance_type: 0]
[use_quantized_grad: 0]
[num_grad_quant_bins: 4]
[quant_train_renew_leaf: 0]
[stochastic_rounding: 1]
[linear_tree: 0]
[max_bin: 255]
[max_bin_by_feature: ]
[min_data_in_bin: 3]
[bin_construct_sample_cnt: 200000]
[data_random_seed: 27573]
[is_enable_sparse: 1]
[enable_bundle: 1]
[use_missing: 1]
[zero_as_missing: 0]
[feature_pre_filter: 1]
[pre_partition: 0]
[two_round: 0]
[header: 0]
[label_column: ]
[weight_column: ]
[group_column: ]
[ignore_column: ]
[categorical_feature: 18,19,20,21,22,23,24,25,26,27,28,29,30,31,34,35,36,37,38,39,40,41]
[forcedbins_filename: ]
[precise_float_parser: 0]
[parser_config_file: ]
[objective_seed: 14758]
[num_class: 1]
[is_unbalance: 0]
[scale_pos_weight: 1]
[sigmoid: 1]
[boost_from_average: 1]
[reg_sqrt: 0]
[alpha: 0.9]
[fair_c: 1]
[poisson_max_delta_step: 0.7]
[tweedie_variance_power: 1.5]
[lambdarank_truncation_level: 30]
[lambdarank_norm: 1]
[label_gain: ]
[lambdarank_position_bias_regularization: 0]
[eval_at: ]
[multi_error_top_k: 1]
[auc_mu_weights: ]
[num_machines: 1]
[local_listen_port: 12400]
[time_out: 120]
[machine_list_filename: ]
[machines: ]
[gpu_platform_id: -1]
[gpu_device_id: -1]
[gpu_device_id_list: ]
[gpu_use_dp: 0]
[num_gpu: 1]

end of parameters

pandas_categorical:null
