tree
version=v4
num_class=1
num_tree_per_iteration=1
label_index=0
max_feature_idx=41
objective=regression_l1
feature_names=Column_0 Column_1 Column_2 Column_3 Column_4 Column_5 Column_6 Column_7 Column_8 Column_9 Column_10 Column_11 Column_12 Column_13 Column_14 Column_15 Column_16 Column_17 Column_18 Column_19 Column_20 Column_21 Column_22 Column_23 Column_24 Column_25 Column_26 Column_27 Column_28 Column_29 Column_30 Column_31 Column_32 Column_33 Column_34 Column_35 Column_36 Column_37 Column_38 Column_39 Column_40 Column_41
feature_infos=[0.014404296875:0.696533203125] [-0.11999999731779099:0.11999999731779099] [-0.11999999731779099:0.11999999731779099] [0:0.11999999731779099] [0:0.11999999731779099] [0:0.11999999731779099] [0:1] [0:0.4609375] [0:1.373046875] [0.014404296875:0.696533203125] none none [0.014404296875:0.696533203125] none none [0.014404296875:0.696533203125] none none -1:6:4:18:2:3:34:16:35:0:17:32:7:1:19:114:92:83:170:70:180:215:193:138:160:191:169:159:50:202:204:33:61:94:192:214:104:60:72:125:103:137:5:181:148:115:213:171:48 -1:34:33:35:32:4:2:3:5:18:6:1:17:0:7:16:19:111:122:55:45:154:63:144:89:87:153:99:100:133:65:73:129:53:64:109:198:75:188:76:196:69:176:131:179:47:56:119:130:167:110:120:195:79:68:132:143:41:67:185:86:58:206:212:91:199:121:168:44:140:200:40:98:189:42:201:124:207:152:107:162:163:177:184:46:88:96:164:80:174:123:183:190:84:135:175:197:43:51:108:128:156:208:77:95:112:118:166:74:113:145:178:102:117:161:210:101:142:54:106:205:57:78:52:134:165:209:187:141:155:146:62:85:97:172:139:173:186:194:151:90:66:157:150 -1:5:8:4:7:3:6:1:2 -1:40:56:24:0:9:48:1:26:32:22:62:8:16:46:20:4:7:58:59:35:47:29:34:31:27:19:61:60:51:14:38:37:55:3:28:10:50:49:2:17:13:15:23:36:21:33:6:12:54:42:25:18:44:11:43:5:57:45:30:41:53:63:39:52 -1:70:72:92:18:9:10:81:2:0:52:68:91:60:20:82:98:19:88:61:90:51:64:99:22:29:15:41:80:12:1:39:71:8:11:78:32:21:5:63:30:89:42:79:49:50:44:76:34:17:85:69:14:38:55:40:28:48:83:87:96:31:59:7:75:62:97:4:58:33:74:45:47:95:25:66:16:77:86:57:13:26:37:6:24:65:94:35:53:67:56:73:84:36:3:23:54:43:93:27 -1:10:4:39:52:58:55:34:43:54:24:41:40:51:31:17:23:19:59:32:20:47:3:14:49:50:28:0:46:6:9:21:16:25:30:42:8:11:33:44:35:7:26:27:45:53:37:57:18:5:92:56:36:48:38:29:76:22:2:13:1:84:63:93:12:15:74:83:87:79:89:90:61:80:69:88:78:60:67:86:66:71:65:97:68:77:81:96:75:91:94:98:95:85:70:82:62:72:73:99 -1:25:46:36:48:42:49:41:55:34:44:15:33:52:12:29:37:43:18:23:57:19:30:56:26:11:40:3:13:71:1:17:21:32:63:58:6:27:9:7:0:31:38:47:5:99:2:45:54:70:24:28:4:39:51:20:16:10:98:82:50:59:53:93:78:69:61:79:22:85:84:8:77:35:97:88:90:94:67:86:89:68:73:81:62:83:87:75:80:72:60:92:66:74:91:95:76:14:65:64 none none -1:0:1 -1:1:2:3:0:4:5:6:7:8:9 -1:1:0:2 -1:7:0:4:6:5:1:2:3 -1:7:4:5:1:3:2:0:6 [0:0.99798387289047241] [0:0.99193549156188965] -1:45:53:39:42:41:46:54:38:51:50:43:55:166:44:40:165:37:31:52:32:163:49:47:174:167:57:33:67:66:56:62:59:65:34:61:58:36:164:30:60:175:173:48:35:177:157:162:168:156:159:63:29:176:158:161:150:155:170:172:64:178:160:169:74:183:68:171:69:28:154:151:152:72:179:26:184:185:75:25:181:76:144:27:73:153:23:182:24:77:78:18:186:148:149:142:71:70:22:21:180:79:143:194:10:9:20:84:83:86:140:193:19:141:11:187:17:85:15:118:80:81:95:145:249:134:227:238:135:87:200:228:13:89:109:190:205:146:188:236:16:88:139:82:201:106:117:1:192:12:206:204:96:189:245:199:14:147:195:244:229:8:119:133:235:110:216:224:191:230:208:240:107:137:120:225:234:2:129:217:209:125:243:7:207:128:0:112:108:116:226:100:124:196:203:202:105:132:136:241:94:97:126:239:197:246:111:127:248:198:250:218:99:223:98:121:5:138:212:215:3:101:214:213:247:220:237:102:211:6:90:231:91:210:232:221:113:130:219:123:122:115:114:131:222:233:93:242:4:103:104 -1:87:86:58:56:57:59:88:85:32:84:172:33:171:89:31:200:199:55:30:141:201:54:4:143:2:71:173:228:5:202:117:142:174:118:115:3:227:140:116:229:70:60:0:28:83:230:72:1:42:61:27:26:29:185:112:43:90:111:197:110:16:100:198:184:101:73:144:186:169:6:34:170:7:41:53:69:145:99:139:66:156:82:113:52:44:213:17:134:146:249:15:212:14:67:250:133:157:214:40:102:35:68:183:155:151:150:225:109:124:187:196:65:152:226:135:132:167:39:18:123:163:162:122:195:219:81:25:168:218:161:180:181:125:190:38:12:80:158:224:153:121:130:179:106:51:95:220:13:49:9:77:78:192:149:208:191:114:11:96:105:126:98:189:240:94:45:10:24:120:188:239:119:203:223:164:204:108:93:131:248:104:19:211:178:207:237:64:247:136:37:127:205:238:50:176:129:193:182:79:8:103:148:128:236:221:74:209:62:154:177:234:206:138:233:36:217:215:147:107:241:46:160:63:159:246:235:21:75:222:76:245:242:175:232:22:97:20:165:23:194:231:216:47:48:243:137:210:166:244:92 -1:16:8:3:7:12:6:4:13:0:9:15:2:11 -1:16:7:8:12:9:3:2:13:6 -1:37:152:28:29:67:33:30:135:24:220:23:118:84:34:27:16:237:143:169:144:20:148:59:58:145:139:63:12:138:149:7:60:127:54:212:142:110:126:211:76:109:53:114:75:131:216:64:57:80:13:228:128:77:111:233:6:229:213:207:50:8:122:71:105:203:125:115:132:206:121:160:217:230:81:224:70:161:104:210:11:9:74:165:108:3:223:162:234:227:2:156:10:155:166:159:17:42:194:195:41:46:199:43:36:47:190:196:40:200:189 -1:160:150:4:148:70:83:124:62:0:22:100:49:147:128:63:24:84:104:142:157:10:18:106:120:110:130:78:129:146:38:109:1:11:43:68:122:126:98:6:156:3:21:82:26:158:16:108:86:67:123:96:99:159:59:119:144:60:85:31:9:5:105:79:136:47:40:45:97 -1:160:25:142:69:103:140:2:23:124:27:104:60:80:87:47:64:89:149:101:111:120:50:30:107:109:71:91:68:88:3:108:110:128:131:51:81:48:129:151:70:28:31:90:148:49:106:8:7:9:130:29:10:4:65:11:100:141:150:0:144:44:24:126:84:122:5:22:41:102:20:145:42:82:67:43:46:66 -1:136:79:116:56:118:45:47:1:44:25:24:7:41:82:230:237:232:106:100:229:250:12:59:188:138:233:122:135:131:3:103:80:226:196:217:15:61:194:160:63:115:134:214:119:129:18:141:142:33:145:73:72:36:69:149:224:70:147:40:239:23:223:200:37:113:6:191:246:65:96:83:26:77:125:27:104:127:85:102:124:235:238:57:64:84:67:105:46:87:5:4:236:227:231:86:126:66:120:60:117:234:43:107:98:0:76:121:20:247:58:78:175:173:210:42:240:97:22:123:249:193:212:245:50:38:137:174:197:166:167:206:241:170:195:62:172:13:19:248:95:176:17:242:185:111:157:177:10:30:215:101:99:209:14:163:222:88:151:207:81:178:93:186:109:139:9:49:154:165:203:228:219:158:243:51:155:8:146:184:204:75:53:91:143:28:180:144:2:130:187:21:183:29:199:221:31:140:159:208:220:89:16:94:179:11:128:192:168:190:132:213:216:244:164:211:189:205:148:198:169:201:152:162:114:153:54:68:171:39:52:225:90:34:71:110:35:133:150:32:156:182:218:74:108:181:55:202:161:48:92
tree_sizes=6948 6979 7188 7106 7512 7419 7494 7756

Tree=0
num_leaves=63
num_cat=43
split_feature=38 5 3 19 38 0 3 20 38 5 22 39 5 5 38 5 0 22 0 32 41 6 21 34 3 34 41 22 41 34 3 22 34 19 41 22 41 19 5 41 34 19 34 34 34 34 23 22 41 34 23 5 23 34 22 22 5 0 5 23 21 23
split_gain=1963.11 864.601 598.766 671.239 381.825 552.488 392.756 362.268 327.279 297.601 287.736 194.076 175.576 158.452 163.631 155.766 228.441 134.982 134.75 128.773 126.543 122.047 116.998 112.587 97.8452 94.3503 90.1265 84.3658 83.6834 82.6292 79.4755 78.1128 76.4328 73.391 72.9341 68.3561 66.7052 66.515 66.4466 66.0437 65.9387 64.2811 69.7305 65.7025 64.0923 63.1911 62.9848 62.4141 55.9221 55.5951 53.795 53.3338 53.036 52.3662 52.0757 52.0312 51.835 71.8428 43.7453 43.3062 42.6859 41.906
threshold=0 0.090833336114883437 0.0091666667722165602 1 2 0.20251464843750003 0.014166666660457851 3 4 0.094166666269302382 5 6 0.070833332836627974 0.094166666269302382 7 0.034166667610406883 0.16149902343750003 8 0.25988769531250006 0.3054435551166535 9 0.14784456789493564 10 11 0.077500000596046462 12 13 14 15 16 0.014166666660457851 17 18 19 20 21 22 23 0.094166666269302382 24 25 26 27 28 29 30 31 32 33 34 35 0.090833336114883437 36 37 38 39 0.052500000223517425 0.29357910156250006 0.094166666269302382 40 41 42
decision_type=9 2 2 9 9 2 2 9 9 2 9 9 2 2 9 2 2 9 2 2 9 2 1 9 2 9 9 9 9 9 2 9 9 9 9 9 9 9 2 9 9 9 9 9 9 9 9 9 9 9 9 2 9 9 9 9 2 2 2 9 1 9
left_child=1 4 3 35 5 6 15 11 25 20 13 -6 56 14 21 16 -1 -13 30 32 -5 -10 -23 -16 -20 38 51 49 -25 33 -14 36 -9 58 -31 -2 -28 -19 47 61 -29 42 -36 -43 -41 -38 -39 -4 -42 -22 -51 54 -35 -37 -27 -34 -7 -58 -12 -49 -61 -33
right_child=2 -3 8 9 7 12 -8 19 10 -11 29 17 18 -15 23 -17 -18 37 24 -21 27 22 -24 28 -26 26 31 40 -30 34 -32 39 55 52 41 53 45 46 -40 44 48 43 -44 -45 -46 -47 -48 59 -50 50 -52 -53 -54 -55 -56 -57 57 -59 -60 60 -62 -63
leaf_value=0.043732998892664909 0.0058823530562222004 0 -0.00074074073927477002 0.0012723964173346758 -0.017300134524703026 -0.075839653611183167 -0.037683196365833282 -0.0054945056326687336 -0.0011529593029990792 0 0.0048888889141380787 0.0049937888979911804 0.037075180560350418 0 0.0040188776329159737 0.044286588206887245 -0.125 -0.0074468087404966354 -0.047756737098097801 -0.0011534024961292744 0.0066666668280959129 0.0063694268465042114 0.002958579920232296 -0.0035392534919083118 0 -0.00053821312030777335 0.0011173184029757977 -0.025143797509372234 0.001011136278975755 0 -0.0088976789265871048 0.0028089887928217649 -0.0094929663464426994 0 0.0036585365887731314 0.0060565276071429253 0.000329520960804075 -0.0054945056326687336 0 0 -0.0053892524447292089 0 0 0 0 0 0.0011881726677529514 -0.0089682335965335369 -0.018004646524786949 0 -0.018100960180163383 0 0 0 -0.0076103499159216881 -0.015421114861965179 -0.016952104866504669 -0.055869467556476593 0 0 -0.0064802912529557943 0
leaf_weight=426 1441 6895 659 620 452 2249 980 441 1009 2878 1211 1188 139 6573 1082 504 228 725 1474 617 313 5234 4081 891 640 433 833 1162 6418 1599 198 429 970 1366 545 549 744 631 804 1274 720 5508 3271 34970 11487 5103 1422 534 6686 559 1364 656 3060 2656 1179 2511 938 1098 373 328 780 922
leaf_count=426 1441 6895 659 620 452 2249 980 441 1009 2878 1211 1188 139 6573 1082 504 228 725 1474 617 313 5234 4081 891 640 433 833 1162 6418 1599 198 429 970 1366 545 549 744 631 804 1274 720 5508 3271 34970 11487 5103 1422 534 6686 559 1364 656 3060 2656 1179 2511 938 1098 373 328 780 922
internal_value=-0.0343089 -0.162766 -0.0083227 -0.0900264 -0.220967 -0.294564 -0.0733644 -0.147508 0.00665647 -0.143601 0.0230367 -0.0452595 -0.365168 0.0667589 0.0902388 0.123707 -0.0373472 -0.00942678 -0.258051 -0.246649 -0.179897 0.132353 0.15037 0.0382006 -0.30482 -0.0416587 -0.0305999 -0.1924 0.0157765 0.00172397 0.0353975 -0.0202365 -0.280581 0.0567917 -0.00550048 0.0750321 0.0242827 -0.0697132 -0.123356 -0.0413126 -0.21521 -0.00929896 0.0526384 -0.0151519 -0.0524544 0.00529096 -0.0232444 -0.166956 -0.196953 -0.104315 -0.136176 -0.125 0.0235466 0.0340378 -0.174411 -0.305182 -0.426289 -0.367517 0.148809 -0.218561 -0.158035 0.0634628
internal_weight=147030 24726 122304 18948 17831 8874 2138 8957 103356 14302 77191 4418 6736 25288 18715 1158 654 3966 2451 4539 11424 10324 9315 8391 2114 26165 23060 10804 7309 51903 337 20792 3922 6010 45893 4646 6680 2778 3105 14112 8568 44294 3816 40478 12761 5847 2053 2301 7406 2236 1923 2268 4426 3205 1612 3481 4285 2036 1584 1642 1108 1351
internal_count=147030 24726 122304 18948 17831 8874 2138 8957 103356 14302 77191 4418 6736 25288 18715 1158 654 3966 2451 4539 11424 10324 9315 8391 2114 26165 23060 10804 7309 51903 337 20792 3922 6010 45893 4646 6680 2778 3105 14112 8568 44294 3816 40478 12761 5847 2053 2301 7406 2236 1923 2268 4426 3205 1612 3481 4285 2036 1584 1642 1108 1351
cat_boundaries=0 8 10 12 13 21 24 25 32 36 44 46 54 62 70 73 81 89 92 100 107 114 117 125 132 140 148 155 163 171 179 187 191 195 203 211 215 218 226 230 233 236 238 242
cat_threshold=1261516 315136 0 0 0 0 2415951880 9841 0 15 1261516 1024 146 0 2589982736 1260617 256 2064 64 54282384 8 4214226944 536871167 5177280 2048 822083584 34 128 3288653824 1146880 39 260 268577499 67175168 4277075968 6 541139520 671746 205529360 264192 1073795104 788550 536871424 4096 4011978724 1644228512 2147488266 65600 537395220 3355447296 524560 698351640 2684354560 532744 76087296 2147483796 10240 35659776 16777220 68292720 2158493794 67108996 2147483776 1073742336 4196354 576513 67129344 32898 626688 40110380 1160250303 192 14942465 536872192 2415919136 13697032 524289 8929281 335544360 1073774596 75563680 36704260 0 4231186 811925648 131672 134742016 538443777 10256 1072169506 4026662979 1126039591 42053632 1375731744 0 67436560 329792 285212672 143958024 2130432 68 9 136316968 67158048 570662976 50692352 139408 536871936 1614872581 83886096 75530248 1074200576 2013266212 1610686472 528516096 2957021293 4019255 218335232 16777474 805307776 8389568 536871936 536870912 2432958465 8454146 589868 101720064 9437185 33570856 436338692 1082425348 8448 469763072 12582922 1138688 2164260996 2415919136 201853704 50331904 1060864 538968064 553648146 151027828 4718592 2282750081 67125504 296128 1048836 0 1074267392 6322706 4207629 8 268902408 1442560 134217728 543164544 8389120 1074802752 641769600 458816 1073743872 2097664 1082474624 2097232 2776630400 2231375936 537233408 264708 0 128 258 8192 266240 17242389 8389424 0 135538693 8651072 167772354 16777248 2147615490 1074135168 32 4719105 138412564 36897 2249015434 3379167280 809571080 7 2775613840 152634432 64110776 8 77594884 262144 2684354626 1646265252 2147483648 285212672 134480024 1081488 1073745920 3225436548 0 2129921 2151713794 276865280 0 100663808 34607285 1916394496 1283721248 12 1142990848 818972274 2722153406 2 545293581 16777228 1612713984 1231093824 96 1 8320 377487888 671096960 160166197 9 31457744 3756926720 536870941 4499140 138866700 2795768204 336102070 2554732708 1778671809 2200142500 2299199576 8
is_linear=0
shrinkage=0.5


Tree=1
num_leaves=63
num_cat=41
split_feature=38 0 5 38 0 3 22 5 0 8 0 39 34 6 19 5 34 8 19 22 34 34 34 34 34 4 6 22 22 19 34 39 24 34 34 5 5 34 6 0 39 3 22 0 8 38 24 34 34 18 23 34 19 5 23 24 34 40 24 34 40 19
split_gain=762.652 311.301 292.844 255.676 177.267 167.391 146.857 113.615 143.606 151.196 120.666 106.64 97.9922 89.214 95.0533 116.945 88.2213 87.2052 117.608 86.8978 86.1346 82.7267 76.6946 74.9895 73.4979 72.7413 68.3324 66.1502 65.0453 64.7042 58.1867 58.1122 57.387 57.0181 56.6293 67.0697 55.4822 84.6542 63.2311 136.33 75.4464 72.7542 67.7454 67.2085 115.33 102.256 54.8326 54.2148 53.6368 52.5249 51.0224 54.8792 50.7369 57.5813 58.5132 50.6646 50.4176 49.1615 48.5699 48.4779 47.9407 56.752
threshold=0 0.11950683593750001 0.069166667759418501 1 0.16662597656250003 0.0075000002980232247 2 0.042500000447034843 0.33166503906250006 0.46484375000000006 0.23303222656250003 3 4 0.12403846159577371 5 0.094166666269302382 6 0.34082031250000006 7 8 9 10 11 12 13 0.094166666269302382 0.52206358313560497 14 15 16 17 18 19 20 21 0.092500001192092909 0.094166666269302382 22 0.39003719389438635 0.38952636718750006 23 0.077500000596046462 24 0.27478027343750006 0.21679687500000003 25 26 27 28 29 30 31 32 0.092500001192092909 33 34 35 36 37 38 39 40
decision_type=9 2 2 9 2 2 9 2 2 2 2 9 9 2 9 2 9 2 9 9 9 9 9 9 9 2 2 9 9 9 9 9 9 9 9 2 2 9 2 2 9 2 9 2 2 9 9 9 9 9 9 9 9 2 9 9 9 9 9 9 9 9
left_child=2 21 3 4 5 -1 16 -6 9 10 -9 13 -5 14 15 32 52 20 24 -20 46 -2 -14 -13 -19 -22 -11 47 49 -29 -25 33 -8 -18 -16 -36 37 -4 43 42 41 -41 -40 45 -45 -39 -15 -24 -33 -23 51 -50 -3 54 -54 -49 -31 -35 -46 -59 -32 -62
right_child=1 6 36 12 7 -7 11 8 -10 26 -12 23 22 17 34 -17 31 18 19 -21 25 28 27 30 -26 -27 -28 29 -30 56 60 48 -34 57 35 -37 -38 38 39 40 -42 -43 -44 44 58 -47 -48 55 50 -51 -52 -53 53 -55 -56 -57 -58 59 -60 -61 61 -63
leaf_value=0.040801467373967171 0.0051685087382793427 0 0.0015327241853810847 0.0022107590921223164 -0.050234250724315643 -0.030751746147871017 -0.00028530089184641838 -0.0066237263381481171 -0.028669040650129318 -0.0068236789666116238 -0.051986526697874069 0 -0.013408767059445381 -0.0026182442961726338 0 0 0 -0.00077424501068890095 0 0 0.0033183375344378874 0.0078887374838814139 -0.00053822404879610986 0 0 0 0.0067185831721872091 0.0055066077038645744 -0.032407406717538834 0.0011547359172254801 0 0 0.0078585464507341385 -0.0010961329098790884 -0.0056742317974567413 0 0 0.0073879921692423522 -0.0024118110741255805 -0.026408986188471317 -0.00022546201944351196 0 0.0030326005071401596 -0.05753182340413332 0 -0.0062242639251053333 0 -0.0045138890855014324 0 -0.020379389170557261 0 0 -0.0012077294522896409 0 -0.0066710261162370443 -0.011182505055330694 -0.005802014609798789 -0.0019981784862466156 -0.0054411351884482428 0 0 0
leaf_weight=304 517 970 845 823 1440 550 647 493 577 390 575 2271 1271 667 890 1136 772 883 7563 11081 14810 485 448 1281 8439 2826 331 433 2469 797 4972 3495 1521 1552 3897 2340 7068 492 552 401 680 309 1247 382 420 1167 1653 551 979 579 14765 5902 747 891 1754 1428 3976 664 1104 3963 900 9695
leaf_count=304 517 970 845 823 1440 550 647 493 577 390 575 2271 1271 667 890 1136 772 883 7563 11081 14810 485 448 1281 8439 2826 331 433 2469 797 4972 3495 1521 1552 3897 2340 7068 492 552 401 680 309 1247 382 420 1167 1653 551 979 579 14765 5902 747 891 1754 1428 3976 664 1104 3963 900 9695
internal_value=-0.0244573 -0.00658118 -0.0970034 -0.147717 -0.244007 -0.0385511 -0.00173794 -0.290704 -0.222973 -0.152708 -0.271962 0.0105764 -0.101191 0.0211942 -0.0207035 0.0493063 -0.0279027 0.0303188 0.0122998 0.0352165 0.0555667 -0.142769 -0.116476 -0.0218232 -0.0335333 0.0674581 0.0242044 -0.0971877 -0.169817 -0.0650632 -0.0102906 -0.0188138 0.117511 -0.0592417 -0.0531587 -0.0700112 -0.0473106 -0.0769635 -0.0955512 -0.0445001 -0.161997 -0.274238 0.046363 -0.141435 -0.205451 -0.0677301 -0.0349484 -0.165437 -0.0076134 -0.0645908 -0.0168991 0.0186421 -0.0945358 -0.123384 -0.162605 -0.201155 -0.0819226 -0.0752705 -0.143512 -0.0491485 -0.0187432 0.000282809
internal_weight=147030 117976 29054 14387 4660 854 113926 3806 2366 1789 1068 77472 9727 58353 10431 3304 36454 47922 27966 18644 19956 4050 8904 19119 9322 17636 721 7633 3533 5206 16848 32092 2168 6951 7127 6237 14667 7599 6754 3189 1390 710 1799 3565 1906 1659 2320 2427 25141 1064 21646 6881 4362 3392 2501 1979 4773 6179 1524 4627 15567 10595
internal_count=147030 117976 29054 14387 4660 854 113926 3806 2366 1789 1068 77472 9727 58353 10431 3304 36454 47922 27966 18644 19956 4050 8904 19119 9322 17636 721 7633 3533 5206 16848 32092 2168 6951 7127 6237 14667 7599 6754 3189 1390 710 1799 3565 1906 1659 2320 2427 25141 1064 21646 6881 4362 3392 2501 1979 4773 6179 1524 4627 15567 10595
cat_boundaries=0 8 9 13 19 27 34 42 49 52 60 68 76 84 92 96 99 106 114 119 123 131 139 147 152 155 162 166 173 181 188 191 199 206 210 213 221 226 229 237 242 249
cat_threshold=1261452 168069136 8200 0 0 0 2181840920 8249 1121156 438393 2264694784 3154116647 11 328728 3221366784 3948544 478175760 2152808454 1 66 18882560 134238800 8388773 46203553 0 264192 430144 0 2154837007 49154 167790620 41943048 268636160 131400 8519744 1610612752 8392896 2214609410 34641921 67115520 4194528 33554816 65536 5647 2256603136 161481808 281083923 536887298 131072 3758098432 134415613 1077009352 16512 4096 541131178 67143168 1073766404 2304 18907920 2523138 1073747968 2148631040 9437712 1075871780 2189565952 328208 553648128 16781376 66689 1836032 17170440 150994944 139264 201506940 1048640 41945088 458752 1073741844 2250244096 2147502144 71703819 33558536 4224 2 270041296 268439552 536 590128 2173064 337641472 67239944 8388868 2214596624 402756925 2835373010 11 4105175605 3783461281 16973920 0 2147484416 2150633476 83886099 25274376 131236 1376260 3179920 0 0 134283281 65584 81920 553910275 18107049 73728075 134219840 4210704 16777245 805568513 2590667656 4736 1210188613 12 4210736 1572864 16777216 570525720 1098981488 20971524 16795652 16793600 475070464 67240228 549466636 532616 2048 537002144 67108864 33619969 657412 2048 4325440 524289 147456036 1090588672 805319179 37748736 67586 134217728 16384 25165837 2415919104 2954982867 15763508 362283520 212868 33554432 0 0 0 0 16384 263207 269988353 1107635851 8 100663808 12716100 4196608 0 605028352 2685475843 14 270532614 1185280 204848 805568640 832 822091776 152567808 34 262216 537133062 320 262144 2147483648 2148532737 4194304 2424307748 3373826601 2069015128 139741184 404750344 537658624 8397120 263296 0 33890306 8201 132 59277316 2152729088 16842760 8650826 327724 147632 1178600162 305399810 27162850 1 219108455 78989568 2283538432 134220288 138412064 0 1075914752 539004930 545529857 146804880 71843848 2696937993 237056 219545839 8192 9445378 4027855920 310416520 3762303012 135006212 2147491840 4522496 1049860 335544582 1610678304 537395728 2098177 4165993129 268882432 260047024 67141888 8194 0 77648896 116758 327184450 67375136 134356992 16392
is_linear=0
shrinkage=0.5


Tree=2
num_leaves=63
num_cat=48
split_feature=38 0 19 5 41 41 3 0 0 4 40 38 8 41 34 38 41 22 41 41 34 34 35 22 34 35 35 34 35 35 34 22 34 35 23 35 41 22 19 41 41 23 23 21 22 34 23 5 21 5 22 23 23 5 3 23 23 22 5 5 22 5
split_gain=371.865 180.497 156.901 142.103 156.971 120.389 110.098 215.685 142.437 124.648 114.052 104.013 102.12 94.1344 84.9525 79.95 91.548 87.8489 85.7939 80.4529 78.4529 75.9864 74.8584 73.5137 76.7189 73.2257 70.8006 70.7045 70.8833 67.0309 66.4531 65.5364 64.5437 64.1984 63.9421 63.4392 60.3964 57.7986 54.5665 79.2184 55.1426 54.5224 52.9831 51.6473 51.1746 50.446 47.6882 47.3508 46.0032 45.5554 44.3334 43.7349 41.5907 40.7879 39.2322 38.7796 37.2161 37.094 36.9831 36.0548 35.8767 34.6411
threshold=0 0.14880371093750003 1 0.094166666269302382 2 3 0.034166667610406883 0.24694824218750003 0.34240722656250006 0.030833332799375061 4 5 0.72363281250000011 6 7 8 9 10 11 12 13 14 15 16 17 18 19 20 21 22 23 24 25 26 27 28 29 30 31 32 33 34 35 36 37 38 39 0.094166666269302382 40 0.094166666269302382 41 42 43 0.094166666269302382 0.024166666902601722 44 45 46 0.092500001192092909 0.092500001192092909 47 0.094166666269302382
decision_type=9 2 9 2 9 9 2 2 2 2 9 9 2 9 9 9 9 9 9 9 9 9 9 9 9 9 9 9 9 9 9 9 9 9 9 9 9 9 9 9 9 9 9 1 9 9 9 2 1 2 9 9 9 2 2 9 9 9 2 2 9 2
left_child=3 2 25 4 41 -6 7 10 9 43 -7 -9 -10 57 48 16 51 27 56 32 -12 26 -23 34 -25 -2 -20 47 53 -26 35 -27 61 45 -16 58 -30 -11 39 -35 -40 -1 -33 -8 55 -32 -46 52 -15 -47 -34 59 -18 -29 -13 -37 -19 -4 -21 -3 -53 -17
right_child=1 15 13 -5 5 6 8 11 12 37 20 54 -14 14 23 19 17 18 21 30 -22 22 -24 24 29 31 -28 28 36 -31 33 42 50 38 -36 44 -38 -39 40 -41 -42 -43 -44 -45 46 49 -48 -49 -50 -51 -52 60 -54 -55 -56 -57 -58 -59 -60 -61 -62 -63
leaf_value=-0.007118689944036305 -0.015778475964907557 -0.0071338291272695642 -0.0069458765210583806 0 0.0036178052505420055 0.0083556961180875078 0.0025894160899042618 -0.0016652789199724793 -0.010695592034608126 0.010413991403765976 0.0065358554711565375 -0.042004333896329626 0 0.016095094382762909 -0.0048624947667121887 -0.0092878449358977377 0.0017941164551302791 0.0036661026533693075 0 0.0057011563185369596 -0.013602877152152359 0 0 -0.022328362567350268 0.0099675742094404995 -0.0041459370404481888 0 0.004298536732676439 0 -0.0062642199918627739 0 0.00033656443702057004 0 0 -0.021932733550784178 0 0 0.0024123741895891726 0 0 0 -0.017779380083084106 0.019869918993208557 -0.0055784281576052308 0 -0.0034474105523258913 0 0 -0.0024443157017230988 0 0 0 0.0054112747311592102 0 -0.017197328852489591 0.00064723012110334821 0 -0.026103209238499403 0 0 0 0
leaf_weight=688 428 482 331 4310 928 708 458 293 961 419 437 775 977 421 653 592 528 537 557 638 2755 3672 29372 654 533 643 4096 1424 1332 3549 482 437 1204 1402 1506 418 13571 970 3241 6863 31947 1600 944 1024 1013 2032 2177 585 563 780 2923 438 1061 497 454 1026 1157 918 242 187 1025 192
leaf_count=688 428 482 331 4310 928 708 458 293 961 419 437 775 977 421 653 592 528 537 557 638 2755 3672 29372 654 533 643 4096 1424 1332 3549 482 437 1204 1402 1506 418 13571 970 3241 6863 31947 1600 944 1024 1013 2032 2177 585 563 780 2923 438 1061 497 454 1026 1157 918 242 187 1025 192
internal_value=-0.0128815 -0.00355803 -0.0631152 -0.0807023 -0.106067 -0.0813266 -0.096993 -0.145925 -0.0419871 0.0287155 -0.0835468 -0.305446 -0.146649 -0.0932166 -0.0727411 0.00230256 0.014967 0.0186897 0.00521533 -0.0111045 -0.123595 0.000251923 0.00868223 -0.09237 -0.0571819 0.049107 -0.0594855 0.046607 0.0355785 -0.0313873 -0.00534692 0.0888997 -0.072212 -0.0114737 -0.168816 0.0465074 0.0238686 0.136233 -0.00636143 -0.0428899 0.00223011 -0.225217 0.150036 -0.0721023 0.0229229 -0.0786448 -0.0124921 0.13129 0.0642568 -0.104285 -0.0468712 -0.0865204 0.176618 0.125711 -0.367848 0.100618 0.114888 -0.22046 0.168722 -0.19163 -0.037288 -0.202889
internal_weight=147030 129273 11580 17757 13447 11159 10231 5422 4809 2871 3900 1522 1938 9128 7879 117693 60521 58389 39391 57172 3192 37697 33044 6895 4736 2452 4653 18998 16824 4082 52261 2024 4911 46747 2159 5514 14903 1389 43453 8265 35188 2288 1381 1482 4634 3294 3190 2174 984 2812 4127 2132 1589 1921 1229 1444 1694 1249 880 669 1463 784
internal_count=147030 129273 11580 17757 13447 11159 10231 5422 4809 2871 3900 1522 1938 9128 7879 117693 60521 58389 39391 57172 3192 37697 33044 6895 4736 2452 4653 18998 16824 4082 52261 2024 4911 46747 2159 5514 14903 1389 43453 8265 35188 2288 1381 1482 4634 3294 3190 2174 984 2812 4127 2132 1589 1921 1229 1444 1694 1249 880 669 1463 784
cat_boundaries=0 8 15 23 31 36 44 52 60 67 75 78 86 94 101 109 117 121 129 137 145 153 161 169 177 181 188 196 200 208 216 219 226 234 242 246 250 252 256 264 267 269 272 275 279 283 286 290 294
cat_threshold=1261452 2149597952 0 0 0 0 1081600 25 65536 16812303 2065 12599311 262224 196784 82016 4194432 1049920 33554948 150995968 173539333 1359087616 5511168 10240 1611386880 17567745 2177 9183360 2147483730 2 24 68157440 3763341824 983040 16842864 61440 10485775 0 2149581056 0 0 0 0 1081600 9 35917824 151126176 35651584 8194 11026440 1184768 25166100 442368 335544336 33590272 67108872 100683776 67179524 3146755 541071360 67112961 2030043136 3110 77824 1648402944 406028288 1610612739 2147483648 269027584 1097 2147483648 24576 2350383232 3819522 3145984 6291456 3758129152 562562813 203685824 2684354560 524288 16777232 1149403144 268765280 1610612744 1916903425 16 1090519056 2155872256 18874391 637796417 32 40968 604012704 52429185 38797312 1575424 2819653638 1024 1074792448 494927882 512 142807168 37748736 3221225472 17846272 536905760 12601344 302031024 67895296 4224 117591040 4194309 67239936 1109428224 36701184 8716290 98596 168749058 396636240 1008764945 9 546504706 16777232 2156462084 2692743184 24576 8454272 285212672 51126548 1057024 289439746 1107296321 268959753 171966468 67108880 8912896 278720 3866754 270336 16640 17920 458816 1116160 11 2305 69206016 67239953 2315855936 671154185 139332 4228096 1109000192 8388608 1158234244 6291456 0 8913088 2623616 524288 135135232 68955396 33824 262243 10651648 268575746 0 537935872 1055824 33589248 528404 22020096 0 17662768 557168 33554432 151005197 67117057 87177217 1355121302 134940878 2 906067968 1073944626 671129856 8 809632768 2181103745 525312 33620224 268435584 0 83951617 137429514 1342382112 687874053 10618880 2013594017 556533185 167860772 12 67109126 1073745921 33834384 541065353 40964 134217728 1124143108 6 512 262176 37024 61898756 536936450 1082138944 1610760208 320 2569732168 596117120 2936156544 64 4251650 201409541 161652856 6 17440770 8 2147483715 594688 134348800 135266304 134398210 200708 33964032 64 608502796 3154052 1610650880 2097156 1073741828 134217762 67072 3072 134517980 1328816185 136333856 10 893854848 3625978056 480318880 8 2969604480 2189919152 513806882 2290843771 2239758465 11 1077936384 2101248 64 2181057540 33571332 67141888 40386560 2228224 1846163588 672774674 36078084 2237825511 1333789078 3609740107 826967046 1074794532 2167540233 3944497742 2150367712 4376694 557335182 135541084 4 72353028 3926197288 69427620 9 2425548866 2759863940 205775892 1478510129 1108411520 2466336768 4 335549590 18285639 570463440 2
is_linear=0
shrinkage=0.5


Tree=3
num_leaves=63
num_cat=58
split_feature=3 38 38 19 0 41 41 29 0 41 35 35 23 39 41 23 41 35 22 23 19 35 22 35 41 24 19 41 35 23 35 24 41 24 22 24 24 23 35 41 19 24 35 24 19 22 22 24 23 0 22 22 35 24 22 19 22 24 22 24 29 24
split_gain=163.797 266.364 150.55 90.9067 89.3774 87.98 87.909 85.3077 113.154 73.8065 70.4403 69.5075 68.9758 67.1286 65.217 61.8436 63.2062 61.8411 60.6752 58.5324 62.7235 62.08 57.1625 55.842 57.4032 55.6473 54.2823 67.0239 54.5824 52.5318 52.2738 51.3963 51.1136 50.7236 51.2284 47.612 47.3621 47.2926 47.2318 46.3522 44.8064 43.5941 43.4755 42.3507 41.9393 41.8845 40.9417 39.8142 39.5635 38.9461 38.7647 38.3158 38.2275 43.6358 45.273 37.7395 38.7106 40.0203 37.4261 37.2864 37.1318 37.1905
threshold=0.012500000186264517 0 1 2 0.25402832031250006 3 4 5 0.18200683593750003 6 7 8 9 10 11 12 13 14 15 16 17 18 19 20 21 22 23 24 25 26 27 28 29 30 31 32 33 34 35 36 37 38 39 40 41 42 43 44 45 0.14294433593750003 46 47 48 49 50 51 52 53 54 55 56 57
decision_type=2 9 9 9 2 9 9 1 2 9 9 9 9 9 9 9 9 9 9 9 9 9 9 9 9 9 9 9 9 9 9 9 9 9 9 9 9 9 9 9 9 9 9 9 9 9 9 9 9 2 9 9 9 9 9 9 9 9 9 9 1 9
left_child=1 6 5 4 11 -2 -1 8 13 -5 50 -3 22 49 30 25 -17 32 31 20 42 59 -12 -14 -25 46 33 38 -29 -20 -4 -13 -16 -21 -35 -15 -31 41 -28 -23 -34 -32 -19 -44 -9 -43 -7 -24 58 -8 -11 -46 -39 -54 -55 -18 -57 -58 -42 -22 61 -53
right_child=2 3 14 9 -6 15 7 44 -10 10 12 18 23 35 17 16 55 19 29 26 21 39 47 24 -26 -27 27 28 -30 36 37 -33 40 34 -36 -37 -38 52 -40 -41 48 45 43 -45 51 -47 -48 -49 -50 -51 -52 60 53 54 -56 56 57 -59 -60 -61 -62 -63
leaf_value=0 -0.0024616396985948086 -0.0028585722247953527 -0.0011053138878196478 0.00064764722355903359 0 0.00054704595822840929 0.017750782135408372 0 -0.034158530761487782 0 0 -0.0056152217075577937 0 -0.010529531326028518 0 0 0 -0.0024252224247902632 0 0.00038712250534445047 0.0010653898934833705 0 0 -0.0057046903530135751 0 0 0 0 0 0.00099118589423596859 0.00016320100985467434 0.0023159484844654799 0 0 0 -0.022255515163124073 0.0099400876788422465 -0.00035159536673745606 0 0 0 0 -0.00032457234192406759 0 0 0 0 0.00041349418461322784 0 -0.024026688508456573 -0.0061987517401576042 0 0 0 0 0 0 0 0 0 0 -0.0082276741450186819
leaf_weight=619 1171 731 981 868 1501 423 258 619 557 442 1249 430 1031 596 1252 1204 429 465 971 1838 794 2286 758 1048 7109 3326 730 6299 39925 649 659 1030 948 1423 2908 1591 1672 971 3619 19417 671 428 647 1402 852 953 1051 2188 4925 163 1171 540 1049 676 1717 2630 1928 4048 1517 1982 456 1239
leaf_count=619 1171 731 981 868 1501 423 258 619 557 442 1249 430 1031 596 1252 1204 429 465 971 1838 794 2286 758 1048 7109 3326 730 6299 39925 649 659 1030 948 1423 2908 1591 1672 971 3619 19417 671 428 647 1402 852 953 1051 2188 4925 163 1171 540 1049 676 1717 2630 1928 4048 1517 1982 456 1239
internal_value=-0.00782823 -0.040557 0.000681267 -0.013692 0.033805 -0.0440143 -0.122301 -0.138602 -0.199084 -0.034612 -0.0428438 0.0634457 -0.0308697 -0.155172 0.00789599 -0.0336522 -0.0116574 0.011498 0.0854324 0.0157976 -0.00336974 0.00436894 0.0222248 -0.0551087 -0.0689803 -0.0804239 0.0249145 0.0195018 0.0139069 0.123033 -0.037134 0.000339504 -0.0271313 0.0691635 0.0393736 -0.189859 0.163952 -0.0206496 0.0787663 -0.00465115 -0.0417441 0.0421539 -0.0783847 -0.0463366 -0.0872437 -0.00861432 0.000672779 0.0601757 -0.0553684 0.0288678 -0.141231 -0.110842 -0.0497175 -0.0247538 -0.0619542 -0.0260307 -0.0333024 -0.0555277 0.000681705 0.0746054 -0.145305 -0.178551
internal_weight=147030 30338 116692 22848 6984 16210 7490 6871 3165 15864 14996 5483 13383 2608 100482 15039 10239 93048 4752 83735 26993 24479 4195 9188 8157 4800 56742 50573 46224 3292 7434 1460 9313 6169 4331 2187 2321 6453 4349 21703 8061 2040 2514 2049 3706 1381 1474 2946 7113 421 1613 3087 4413 3442 2393 9035 8606 5976 2188 2776 2235 1779
internal_count=147030 30338 116692 22848 6984 16210 7490 6871 3165 15864 14996 5483 13383 2608 100482 15039 10239 93048 4752 83735 26993 24479 4195 9188 8157 4800 56742 50573 46224 3292 7434 1460 9313 6169 4331 2187 2321 6453 4349 21703 8061 2040 2514 2049 3706 1381 1474 2946 7113 421 1613 3087 4413 3442 2393 9035 8606 5976 2188 2776 2235 1779
cat_boundaries=0 8 16 23 31 39 40 48 56 64 67 72 80 83 91 99 103 107 114 122 126 134 142 146 153 161 169 173 181 185 193 197 201 205 209 212 220 228 235 239 247 250 257 261 265 269 273 276 280 288 292 296 303 306 309 313 317 318 321
cat_threshold=1251780 2382628608 8 2147483648 1 0 272138240 8825 1129928 304119824 131137 34078976 2147483664 64 2147500288 1024 655360 1090554630 2129968 36865 364580 151191570 131140 18907176 129 1056 536891681 35782752 533512 4162 16797696 620827904 14705168 2281701377 67108996 33554692 6 335552640 4096 1 268435588 1076232204 268435552 2155872288 196624 1010829505 73729 130 393280 1048832 65536 41943041 1057280 3389001746 1082789920 16785537 75628592 8912898 3758178308 72 1077940361 33587744 2105400 4096 14688940 1663570176 3964059882 2147549184 0 0 276824073 2415919104 1212162048 131072 34603017 512 145760256 1198080 67264608 37290498 1663836307 1166131522 3280211136 872415232 2952874002 1614815232 512 1207993856 2283802624 131080 67634 281600 32 3221758080 1615923200 2751463938 131144 3244294160 4196352 16147373 2158264336 872457153 1 1815494170 33618064 2149876742 8 0 27804672 142671872 287383652 306184401 8580 131116 537931779 1082147844 4100 917636 1073776640 134742144 310640640 303360 973991936 1279632 1218708121 11 52436996 133120 1346371633 1075316224 40 9437193 671088640 1065328 147457 98880 17826050 0 315622528 4104 138676256 19144772 2568110080 1417723910 1527158893 8 524288 1111490816 2283807232 4198404 419438600 235241472 1122548 2684485632 6291460 201327616 35684384 989700 1073741888 591660032 40968 524288 274726912 276828224 50339852 16779521 2148270848 33644544 100962320 614736612 621109253 2376343816 10 2684387428 1073745928 131088 134267912 1074069504 6 5899272 20 371861633 692603938 1635780610 4 100664640 2281701376 66816 35669124 570558480 589832 526354 8392744 12759064 614483461 807950434 10 2768479432 834928836 302068577 1 59788688 1180697110 2147752040 2 1342247459 537109029 237634712 6 380108884 2761107458 713609682 1145045018 9453568 538972203 1026 33685552 1282 1048584 49156 276856832 3325037570 2155874308 262148 272634416 36179968 2149580800 32776 0 118505729 2172706832 33554432 204800 67121256 1130632 3015873652 9437956 690015746 4 536879104 537673730 8536320 49920 312336 270008322 67113476 8 4028630152 2722173545 1717911819 262144 1082132484 51384320 136381513 84170780 67178816 65536 985944064 2156794530 61903552 1 1747600386 1210722433 2151729223 4 77597760 62459920 74553 12 612372512 2509370 492066636 12 3930325316 671391760 8943384 10377226 81017409 1275494912 4 81920 169870529 6816000 65536 536911904 67651600 335544448 100663360 1074268416 168318031 2324444478 4 402883208 537105926 373824848 4 0 1074274816 174067746 138412032 587499650 134283266 544 67132192 2753234129 2288259389 516956978 2165194896 417089546 3374064264 2151910476 2288123917 2 1210696856 155263552 415771240 4 2 235275296 1192101635 642943745
is_linear=0
shrinkage=0.5


Tree=4
num_leaves=63
num_cat=54
split_feature=3 19 3 38 38 0 8 4 0 41 34 22 35 41 34 34 35 34 39 41 34 34 4 34 24 34 34 34 35 35 34 24 8 41 35 41 34 34 24 22 41 35 23 22 34 24 34 41 35 34 24 23 23 23 22 22 22 22 24 22 18 22
split_gain=118.615 147.982 146.897 144.698 98.6286 96.8879 105.322 90.8568 164.245 114.565 101.779 96.2216 81.2301 90.5128 82.6602 79.7065 78.4761 76.828 75.6388 74.536 83.8332 73.8105 73.9631 72.2191 70.1132 67.992 67.8818 67.5964 64.3152 62.7959 60.0364 59.9417 59.1841 59.0666 61.9022 57.1544 59.401 55.2166 53.8221 50.6889 49.9006 48.6793 48.3306 46.9548 46.9103 46.2493 53.4979 50.2634 45.7563 44.3237 46.0788 47.0107 44.1451 43.3446 42.6184 42.5359 42.0614 41.1571 40.8291 40.5951 38.1771 36.8475
threshold=0.042500000447034843 0 0.049166666343808181 1 2 0.095336914062500014 0.51269531250000011 0.087499998509883894 0.27917480468750006 3 4 5 6 7 8 9 10 11 12 13 14 15 0.094166666269302382 16 17 18 19 20 21 22 23 24 0.64550781250000011 25 26 27 28 29 30 31 32 33 34 35 36 37 38 39 40 41 42 43 44 45 46 47 48 49 50 51 52 53
decision_type=2 9 2 9 9 2 2 2 2 9 9 9 9 9 9 9 9 9 9 9 9 9 2 9 9 9 9 9 9 9 9 9 2 9 9 9 9 9 9 9 9 9 9 9 9 9 9 9 9 9 9 9 9 9 9 9 9 9 9 9 9 9
left_child=3 26 4 7 21 60 12 8 9 -1 -11 24 14 25 -7 -8 -17 -13 32 37 -21 -3 28 -6 -12 -14 -2 29 -23 -4 -16 -27 -10 53 44 -18 -37 -15 54 -32 -28 -25 -43 -44 -35 46 -36 -47 52 -50 -51 -52 -42 -29 -31 -55 -30 -54 -57 -40 -5 -46
right_child=1 2 27 5 23 6 15 -9 18 10 11 17 13 19 30 16 35 -19 -20 20 -22 22 -24 41 -26 31 40 33 56 38 39 -33 -34 34 45 36 -38 -39 59 -41 48 42 43 -45 61 47 -48 -49 49 50 51 -53 57 55 -56 58 -58 -59 -60 -61 -62 -63
leaf_value=0.0088283326476812363 0 0 0 0.011810038962721592 -0.0021905183893977664 -0.0049247658753301948 -0.0037243948318064213 0 -0.021622360858600587 0.00480668323689315 0.0049276591744273901 -0.017270163632929325 -1.240061828866601e-05 0 0.00023477068316424266 -0.0025648762530181557 0.00050685420865193009 -0.0074469554238021374 -0.00032898479821596993 0 0 0.0010012979619204998 0 0.0024413103819824755 -0.0048094661324284971 0 0 -5.2963732741773129e-06 0.0045136707849451341 0 0 0.0026946262223646045 0.0027753359754569829 -0.00055865920148789883 0 0.00024948790087364614 0 -0.00070913136005401611 0 -0.00019356125267222524 -0.0021755757188657299 0.00081817922182381153 -0.0018518442520871758 0 0 0 0 0 -0.00019356125267222524 0 0 0 -0.0011252792319282889 0 0 0 0.0079831983894109726 0 0 0 -0.042182513047009706 0
leaf_weight=689 1122 421 581 105 553 678 965 3614 1080 946 766 718 528 694 711 959 696 4502 470 6097 42644 428 610 678 1749 1099 851 816 903 447 1219 2577 103 535 1378 786 5050 2609 944 2991 518 687 633 920 917 2385 8656 18437 885 2125 1260 3330 433 689 1016 424 1461 783 1000 2194 865 2100
leaf_count=689 1122 421 581 105 553 678 965 3614 1080 946 766 718 528 694 711 959 696 4502 470 6097 42644 428 610 678 1749 1099 851 816 903 447 1219 2577 103 535 1378 786 5050 2609 944 2991 518 687 633 920 917 2385 8656 18437 885 2125 1260 3330 433 689 1016 424 1461 783 1000 2194 865 2100
internal_value=-0.00515534 0.0116816 0.0234019 -0.0171338 0.0889528 -0.00782773 -0.00566104 -0.0623933 -0.0849886 -0.0593256 -0.0748878 -0.0938427 0.00149557 0.00721649 -0.0558723 -0.0579924 -0.0403172 -0.13255 -0.230211 0.00150799 0.00644062 0.144198 0.168717 0.0275624 -0.0132567 0.0776802 -0.0399328 0.0121587 0.203651 -0.0412976 -0.0330427 0.101817 -0.296653 0.0195855 0.0253922 -0.0205531 -0.0367647 -0.0710406 -0.0609148 -0.0557792 -0.0528096 0.0590443 0.0230905 -0.0258784 -0.037037 0.0325904 0.0604718 0.0191274 -0.0633961 -0.0465055 -0.032481 -0.0606258 -0.136598 -0.0484528 0.0183049 -0.0103528 0.23548 -0.0826545 0.038997 -0.0977777 -0.164609 -0.0125453
internal_weight=147030 61120 49813 85910 7294 71273 70303 14637 11023 9370 8681 7735 61847 56248 5599 8456 7491 5220 1653 52044 48741 3823 3402 3471 2515 4204 11307 42519 2792 5182 4921 3676 1183 37337 34408 6532 5836 3303 4601 4210 10185 2918 2240 1553 3552 30856 10034 20822 9334 7600 6715 4590 1734 2929 1463 2113 2364 1216 1424 3138 970 3017
internal_count=147030 61120 49813 85910 7294 71273 70303 14637 11023 9370 8681 7735 61847 56248 5599 8456 7491 5220 1653 52044 48741 3823 3402 3471 2515 4204 11307 42519 2792 5182 4921 3676 1183 37337 34408 6532 5836 3303 4601 4210 10185 2918 2240 1553 3552 30856 10034 20822 9334 7600 6715 4590 1734 2929 1463 2113 2364 1216 1424 3138 970 3017
cat_boundaries=0 7 15 22 29 37 40 48 56 64 72 79 87 92 100 108 116 123 127 134 142 150 158 166 174 177 185 193 201 209 216 220 224 231 239 243 247 255 258 266 274 282 290 294 297 300 304 307 311 315 319 322 326 333 336
cat_threshold=524288 6 201326609 16842800 268763153 33570832 256 1129932 297472 1049728 0 0 2 35208 9833 822083592 2349073442 4224 2151940096 285280384 513 271059076 536872960 2157772800 1207961618 2623619 1476395264 32848 1409351688 2718009984 131072 1040 150994950 196664 1358954497 1200196 32768 2288047104 268113096 403490944 268442624 538968064 268501000 620763168 71303680 1073938688 33825796 7684 268633097 11010048 262272 33849352 1073842176 1207967744 805313536 591936 134268416 822083585 263168 1024 2654727 8388612 470024196 16777744 360705 5243072 1078233088 134479904 65550 48 138430625 4194816 273957928 52953088 1082688512 4460544 553648496 393216 2147484161 25952264 2072 16799776 1081408 671088960 77844 0 2098313 65536 134217728 0 8388617 2415919105 524544 136 33554464 24578 214958112 2148565008 69312737 6554112 68159300 3305111816 12800 65569 1107820609 134217728 672141317 67108864 131090 1342186497 1216413696 2160083008 75503617 3222274048 33792 67633152 77856770 5013524 9314310 0 536903680 135020546 2105499 2684367072 3299344522 3999269725 4 1107436096 16781440 603979776 524296 51118336 34007048 34816 2149580804 4160 1149247521 275251285 67109156 131072 33951872 16779392 704645376 544 16793600 268544673 536903776 66820 9437312 73856 1078200496 2550398982 2147484320 301989952 135424 67109888 1048704 2097154 2164736 2282225682 2147483746 75498024 8388608 1619017728 33554432 525540 23855104 2182226496 2621440 537921540 2048 2483048576 62947328 65792 72654931 2284356236 3055030017 8457248 525632 16512 262208 306192384 155197636 8454152 37289984 2113800 268959764 533504 1078001672 2147614976 537001992 1092681736 40402960 4325508 35913732 1078755584 1174405408 536871936 32 151134217 2097152 134222030 268451840 545259521 268435456 3802176 4 8953858 2757649 1208485888 807569862 2148081792 65536 1090519040 2244608 524354 3053978625 1426428187 3558932816 4 1412434000 632102949 68276416 5 67830596 1048580 67109120 1048592 537920514 2318012446 589824 32874 2097152 4718688 45056 2451472 33558664 67109296 70 436601121 2999059776 354255418 1 892194816 268474756 638684753 3 80 3222671490 71368704 35651840 1073747328 1078067200 50331656 131096 2174849673 1360534762 35779584 1142960128 33571072 1140851714 3355443264 38273024 32800 2916450 17694720 269484034 58802185 9502720 168345604 2165309448 2064 16783392 8421377 2147549280 134221825 2147680320 424837136 285245952 17317952 4390912 1 1207959760 16777473 2684928256 25166208 2162688 5260288 2214658048 311304 2365587642 7128344 672335337 8 29394336 306446388 879770664 40155689 2500870945 872434880 1929642500 40894496 1193578252 12 541532928 3020002953 9528199 555847739 2226000264 1653606536 5 3153171456 268449800 874382628 3 56659993 2416481283 2202242249 8 2622542724 823938 1099481129 1610908672 2424478062 739773142 10 0 4 268435456 0 0 512 4194304 1120568322 1392812188 2860552586
is_linear=0
shrinkage=0.5


Tree=5
num_leaves=63
num_cat=54
split_feature=4 19 22 38 34 4 38 22 4 19 19 4 19 22 41 34 41 34 34 22 22 35 35 41 34 34 22 35 34 34 35 3 41 22 41 24 34 22 34 23 34 23 41 22 24 24 40 23 24 38 2 39 18 34 23 5 23 23 23 23 22 6
split_gain=90.3743 354.745 112.332 125.267 97.4694 86.9608 202.479 173.898 112.207 117.389 109.364 143.309 121.558 101.195 88.6617 88.3105 87.0462 85.1305 80.428 79.6087 79.2915 86.914 85.0276 78.7573 76.0322 75.0264 74.3376 73.3703 72.3083 69.6362 69.2685 73.8903 67.1561 66.9415 66.6121 63.8206 63.5664 62.9791 61.5643 61.0436 60.4805 59.0507 58.265 58.0192 57.7458 57.5385 55.9916 54.3614 53.7152 53.2926 52.8995 113.428 57.682 50.0098 46.1584 46.0347 45.9305 45.5316 45.3327 44.3487 50.351 43.6643
threshold=0.0091666667722165602 0 1 2 3 0.015833333600312475 4 5 0.029166666790843013 6 7 0.035833332687616355 8 9 10 11 12 13 14 15 16 17 18 19 20 21 22 23 24 25 26 0.090833336114883437 27 28 29 30 31 32 33 34 35 36 37 38 39 40 41 42 43 44 1.0000000180025095e-35 45 46 47 48 0.094166666269302382 49 50 51 52 53 0.12933094054460528
decision_type=2 9 9 9 9 2 9 9 2 9 9 2 9 9 9 9 9 9 9 9 9 9 9 9 9 9 9 9 9 9 9 2 9 9 9 9 9 9 9 9 9 9 9 9 9 9 9 9 9 9 2 9 9 9 9 2 9 9 9 9 9 2
left_child=1 4 38 50 -1 6 7 -2 9 17 23 12 -12 34 -8 43 -17 -7 -5 27 22 -22 -18 54 59 42 49 56 -29 -16 -20 53 -27 45 -14 40 -37 -19 -3 -28 -26 -15 -21 -11 -35 -31 -9 -39 -40 -6 51 -4 -52 -32 -10 -56 -13 -46 -50 -25 -61 -48
right_child=5 2 3 18 26 8 14 46 10 15 11 19 13 41 29 16 20 37 30 25 21 -23 -24 24 35 32 39 28 -30 33 31 -33 -34 44 -36 36 -38 47 48 -41 -42 -43 -44 -45 57 -47 61 -49 58 -51 52 -53 -54 -55 55 -57 -58 -59 -60 60 -62 -63
leaf_value=0.0089005779009312391 0 0.0044317603460513055 0.093971632421016693 0 0.012698341073701158 -0.002912621246650815 0.0038655844400636852 0 0 -0.001366788355880999 -0.00027352297911420465 0 0.0089280520332977176 -0.00063453924303757958 -0.0058701500529423356 0.00087810383411124349 0.0033644313007243909 0 0 0 0 -0.0032207293652390945 0 0.00027296517509967089 0 9.6780626336112618e-05 0.0022669164463877678 0 0 0.0011128505793749355 -0.0056334218243137002 0 0 0.0032327587250620127 0.0032086321589304134 -0.00019356125267222524 0 0 -0.0049990190600510687 -0.00035071888123638928 0 0.0020689204575319309 0 0.0023059186059981585 0.0020494910022534896 -0.0047862314095254987 0 0.0038658975390717387 -0.0022679792127746623 0.001452331431210041 -0.015844682799070142 -0.0025218225782737136 0.00055265694390982389 -0.013429753215859819 -0.005077831337985117 0 -0.00012235357280587777 -0.00092154150479473174 0.0005143413036421407 0 0 0.0087218305561691523
leaf_weight=803 1388 424 213 546 376 531 667 533 649 540 1219 646 972 670 643 1006 473 972 656 798 931 7660 3559 1087 1068 2135 957 2266 16402 443 445 521 36363 813 1492 1865 16450 675 696 2107 7585 1740 4661 1183 540 1177 222 1632 540 1005 160 253 243 3236 1088 449 1432 1269 1128 791 1776 2260
leaf_count=803 1388 424 213 546 376 531 667 533 649 540 1219 646 972 670 643 1006 473 972 656 798 931 7660 3559 1087 1068 2135 957 2266 16402 443 445 521 36363 813 1492 1865 16450 675 696 2107 7585 1740 4661 1183 540 1177 222 1632 540 1005 160 253 243 3236 1088 449 1432 1269 1128 791 1776 2260
internal_value=0.00281231 -0.0349381 -0.0947867 -0.131901 0.068441 0.00688275 0.0518228 0.13171 0.00323781 -0.0319088 0.00973882 0.0207957 0.0940935 0.129247 -0.0117721 -0.0513863 -0.0648779 0.0465724 -0.160266 0.0138938 -0.0761773 -0.103336 -0.018175 -0.0141225 -0.00755695 0.0259387 0.0391518 -0.0116341 -0.00168628 -0.0352256 -0.180801 -0.204556 0.0337185 -0.0117536 0.200525 -0.0167346 -0.0334479 0.0767243 -0.0110713 -0.00438874 0.0186382 0.055739 -0.0288795 0.0550431 0.0375853 -0.0912989 0.199042 0.121604 -0.0427187 0.13496 0.0442676 0.159188 -0.0876537 -0.229975 -0.10555 -0.152679 -0.100478 -0.0123557 0.00624985 0.0600108 0.0238464 0.230954
internal_weight=147030 14309 9061 6273 5248 132721 9955 4403 122766 19162 103604 70796 6093 4874 5552 15352 13629 3810 5404 64703 12623 8591 4032 32808 30622 43957 4445 20746 18668 4885 4858 4202 38498 4242 2464 26968 18315 3279 2788 3064 8653 2410 5459 1723 2622 1620 3015 2307 2364 1381 869 466 403 3681 2186 1537 2078 1809 1668 3654 2567 2482
internal_count=147030 14309 9061 6273 5248 132721 9955 4403 122766 19162 103604 70796 6093 4874 5552 15352 13629 3810 5404 64703 12623 8591 4032 32808 30622 43957 4445 20746 18668 4885 4858 4202 38498 4242 2464 26968 18315 3279 2788 3064 8653 2410 5459 1723 2622 1620 3015 2307 2364 1381 869 466 403 3681 2186 1537 2078 1809 1668 3654 2567 2482
cat_boundaries=0 7 10 18 26 34 38 45 52 59 62 70 77 85 93 101 105 109 117 125 133 141 149 153 161 169 177 185 193 197 205 208 216 220 228 232 240 244 252 256 259 263 268 271 275 283 288 290 298 301 305 308 311 315 319
cat_threshold=589825 67145743 4230152 67175424 276832273 1074073636 32 1360020703 268697886 506534976 8 138412544 1128576 1140859392 268435456 0 2052 1 169873934 243351586 131072 1612775428 1074954240 10485760 131328 67108880 2030043136 16418 1259648 2214600704 268437512 1 1574916 8769 84636636 20975620 1614807045 1 0 17309705 16789542 268482573 16777248 151027722 24916 589888 5255179 75506743 402785376 4327426 1073745920 128 0 18892292 167804936 116748 469794817 8396800 8532 3761243136 403047297 33669600 612369410 2490369 8399136 1107296290 671088684 536880128 4325384 1376256 61464 20 545263616 173080580 269549952 805831808 537921545 1207960576 4395012 71321728 33288 1083179010 604504070 538181633 524304 1610682368 570426240 2149712704 16385 5374464 8393728 112 16786496 268960882 8390658 2049 1061120 512 19398664 2097188 17825792 1614091632 1746374400 2625830912 4 538875852 67241236 1950681680 4 2149646852 139362 536870912 1212289025 1048576 18432 37769234 85991425 256 73732 262146 262160 403277952 4228352 138477624 131089 134349824 6815873 2214592512 0 2198347784 1050115 1051976 42483712 67633921 266240 1050401 101 67633408 136577024 1208484352 29366272 143132672 335545440 2097152 17041500 3145792 67114048 41536 8913922 2464153692 1142294016 2055488155 8 34340992 16928 268439624 135333888 19922994 3178752 16842833 4194560 134242306 39428 201327681 2248155653 2147483776 1073741824 131072 23289856 17412 572951072 134742784 75530497 8258 513 4456450 33554432 1073876992 2751463427 524802 308289536 8388736 69208128 536871698 75513985 9437232 524417 67108896 268440098 100667392 17302038 16820800 2101248 562848268 656976 1787696140 10 2 2197823488 360448 7340176 1354 32769 256 67142117 888570627 3224421824 570722819 114904 0 1073741832 2173723904 262144 2214592512 2181366896 16642 2684981888 688337077 2286980233 8 14680640 3221274754 8736 4117 4096 1149255940 2097185 33554950 302523972 1635910749 610802210 12 536903680 176160768 557842450 1867776 268435458 50364448 276889788 33952 85486657 604516387 275808354 6 1175487488 131072 4206848 142737665 8 546308099 6619168 8389673 1092667185 2151680420 10628613 8 1225130114 809688112 3067093272 2886348357 2181055112 1078329444 12 537921065 444416 67174444 18432 6 277619741 2456437956 539089040 2248696113 2215004346 88101408 4 1207959552 272629760 65 256 1245185 4 2113536 72 264192 64 16384 4 1073741824 0 4 12556 4199424 570425344 69271562 2148401216 1409615872 320 65536 2706278540 3238005152 742455346 2955021760 90178098 4234743872 10 589909 4044016402 272203858 2564293120 1074297867 129066254 2684355132 3527411712 3462800230 8 42897700 2825000540 3225419835 1
is_linear=0
shrinkage=0.5


Tree=6
num_leaves=63
num_cat=61
split_feature=3 38 41 34 41 35 24 34 23 41 34 34 41 24 19 34 41 24 34 35 40 35 34 35 34 41 24 41 22 35 35 22 35 23 23 22 34 34 23 35 23 24 35 23 24 24 22 22 24 24 23 22 23 23 21 22 22 40 22 22 21 34
split_gain=81.6037 71.0078 70.13 68.4753 69.4388 72.5616 70.4637 65.1804 63.0303 60.8116 75.6426 59.1121 58.2687 57.4561 57.1399 57.5384 59.668 58.882 56.8985 81.8666 63.5687 75.5823 71.5983 66.2524 75.9657 65.587 63.3252 62.7198 57.768 75.6019 58.7246 57.6388 57.6953 55.2182 54.1385 64.9927 62.5404 60.1963 53.8061 53.2825 52.9383 50.4467 49.9011 49.6081 49.4879 48.9869 46.7579 45.1403 45.0294 44.3354 43.5978 43.0249 42.8764 41.6645 40.6094 39.5307 39.3757 38.7147 38.1133 36.7941 36.4146 35.7354
threshold=0.012500000186264517 0 1 2 3 4 5 6 7 8 9 10 11 12 13 14 15 16 17 18 19 20 21 22 23 24 25 26 27 28 29 30 31 32 33 34 35 36 37 38 39 40 41 42 43 44 45 46 47 48 49 50 51 52 53 54 55 56 57 58 59 60
decision_type=2 9 9 9 9 9 9 9 9 9 9 9 9 9 9 9 9 9 9 9 9 9 9 9 9 9 9 9 9 9 9 9 9 9 9 9 9 9 9 9 9 9 9 9 9 9 9 9 9 9 9 9 9 9 1 9 9 9 9 9 1 9
left_child=3 2 41 8 6 38 -5 53 57 10 -3 -12 52 47 49 17 45 -16 19 55 21 40 43 24 -22 -24 -26 58 29 -25 -30 50 -33 -8 37 44 -37 -14 -6 -18 -20 -2 -15 -23 -36 -17 -39 -13 -10 -7 -29 -43 -9 -4 -35 -11 -40 -1 -21 -51 -49 -44
right_child=1 9 7 4 5 14 33 12 48 18 11 13 34 42 15 16 39 -19 20 27 23 22 25 28 26 -27 -28 31 30 -31 -32 32 -34 54 35 36 -38 46 56 -41 -42 51 61 -45 -46 -47 -48 60 -50 59 -52 -53 -54 -55 -56 -57 -58 -59 -60 -61 -62 -63
leaf_value=0.0084338866763573606 0 0.0030405907273234334 0 0.004079362111951923 -4.8390313168056309e-05 0 0.0035721258318517357 0 0 0 -0.00025342710432596505 6.1176786402938887e-05 -4.8390313168056309e-05 0 0 0 -0.00050634509534575045 -0.0032629604684188962 0 0 0 0 -0.00031961629156285198 0 0.0011036572177545168 0 0 0 0 0 0 9.6780626336112618e-05 0 0 0 0 0 0 0 0 -0.0022341272742778528 0 0 0.00055530513054691255 0 -0.0030282638035714626 9.6780626336112618e-05 -0.0011286604130873457 0.0027071725307905581 0 0.00029536822694353759 0.0016103646826195472 -0.0015628706605639309 -0.0023633837699890137 -0.0029411765281111002 -0.0026673029351513833 0.0030610029398303595 -0.00048827926366357133 -0.0012384740039124154 -0.007707205706537934 0 0.000863005465362221
leaf_weight=110 560 762 436 691 786 534 429 426 647 321 774 539 813 871 792 538 1936 2011 532 417 802 684 1582 2568 1723 13956 3797 674 3963 14875 32232 786 4591 531 1077 1050 6118 1271 546 13916 1062 430 622 1437 2226 1262 2857 570 1614 428 1722 858 967 994 573 836 1194 928 915 872 645 2351
leaf_count=110 560 762 436 691 786 534 429 426 647 321 774 539 813 871 792 538 1936 2011 532 417 802 684 1582 2568 1723 13956 3797 674 3963 14875 32232 786 4591 531 1077 1050 6118 1271 546 13916 1062 430 622 1437 2226 1262 2857 570 1614 428 1722 858 967 994 573 836 1194 928 915 872 645 2351
internal_value=0.00352304 0.00952919 -0.0175168 -0.0195781 -0.0278733 -0.0354654 0.0565741 -0.0269359 0.0483237 0.015152 0.0595438 0.04151 -0.0181661 0.0594474 -0.044572 -0.0369375 -0.0263247 -0.103375 0.011605 -0.0234086 0.0161439 -0.00885023 0.00059418 0.0241696 0.072545 -0.0111897 0.0934562 -0.00740372 0.0184529 -0.00518475 0.0298423 0.00982656 -0.0189274 -0.00355971 -0.00927125 -0.0296194 -0.056337 0.0338178 0.0447202 -0.0164838 -0.112702 0.0749999 0.0936203 0.0864978 0.0283559 -0.112307 0.0583333 -0.0155718 0.0950285 -0.128927 0.0741278 0.129231 -0.115658 -0.128987 -0.0627238 -0.14799 0.0936072 -0.0533331 -0.107143 -0.178735 -0.068867 0.124456
internal_weight=147030 116692 20083 30338 27039 24815 2224 18235 3299 96609 7134 6372 16805 5598 22289 20455 17652 2803 89475 10262 79213 19253 17659 59960 6322 15538 5520 9105 53638 17443 36195 7773 5377 1533 15412 10471 7168 4941 2526 15852 1594 1848 3844 2121 3303 1800 4128 1754 2261 1834 2396 1288 1393 1430 1104 1157 1740 1038 1332 1300 1215 2973
internal_count=147030 116692 20083 30338 27039 24815 2224 18235 3299 96609 7134 6372 16805 5598 22289 20455 17652 2803 89475 10262 79213 19253 17659 59960 6322 15538 5520 9105 53638 17443 36195 7773 5377 1533 15412 10471 7168 4941 2526 15852 1594 1848 3844 2121 3303 1800 4128 1754 2261 1834 2396 1288 1393 1430 1104 1157 1740 1038 1332 1300 1215 2973
cat_boundaries=0 8 16 24 32 40 43 51 54 62 70 78 86 90 97 105 113 116 124 132 137 145 153 161 169 177 180 188 192 200 208 212 220 224 228 232 240 248 251 259 263 267 275 278 282 286 290 294 297 300 304 308 312 316 318 321 325 330 334 338 340 348
cat_threshold=135281800 438338064 132161 33828864 18448 64 2147500304 1024 0 1048577 1610670080 786688 1073742920 2416973824 1082131792 295474 4210970 16777248 33636480 134226976 106496 553779200 1342380032 4194448 71304193 275267590 2751465602 18876548 16 536936466 2195457 524288 16778240 263248 5 68157700 3223324736 72351747 4120 73472016 1514179348 2184971336 1705052694 15224832 2097664 69214208 150995460 25160 671170560 68190240 2109440 1015287343 2248173192 2191787532 539099648 1073807364 423624704 35684392 537413632 1208221728 570949632 8397960 320 5242880 16810002 524289 302547968 285220912 167788576 160 402653184 101204016 160 16908418 67108896 541885440 2149581316 50855938 1482771 335545474 2361344 18448 34619520 131108 605028480 16640 1042823634 4456777 816579160 4 0 38801408 25603 214128 302153728 1099473024 1311264 58785920 128 1275330564 33570884 2684354578 10492448 1081488 9175040 2176 69664 1094713360 537165832 16810016 134228100 605166096 43008 49482791 1155153920 30670937 33554440 67109924 2172650624 17926244 1082368 1342177280 8388640 12780672 1107296321 268438144 1082261568 67584 4026540417 336592896 10248 2101264 1744833153 268931584 42008631 17856 131078 0 8384 1073750016 1065520 5242946 3355476224 1076889600 50749570 805437458 33702160 1572864 671105024 12802 2281701376 17531072 59392 553652232 12352 34734088 135328 2 1141932032 67387401 17310916 84017408 1245839616 528896 1076363282 4210816 2150645760 573440 16789504 526402 9490432 2097152 1073741824 2282750112 2155872269 11776 51707972 41387784 3030912002 587472132 68 680526336 11536394 268697746 128 16827393 2156003360 68681729 24919417 2385807376 2153775109 2 2292719616 67125760 2068 2048 2151687184 33573888 168493056 71320080 1083310336 1073758224 608244769 2162696 2181300224 1027 37748736 71336704 1277739273 3238213932 35137036 10 8388864 3801362 86024 2147500040 131136 6 525443 558376 1105848832 2150381989 1060928 8 541116416 1479017592 983148332 1 863260674 3766522896 2233475639 4 1224736778 1343750144 536870944 3221487648 2155876387 3456 524800 67604 3808428034 269488384 1048646 2147614720 2164736 29366564 0 16408 672269187 1317593126 378027268 67108872 18907264 33570944 1074016387 16 1024 36045857 10224131 2451980316 2151842371 4052884996 4 1723145 141364992 2148026037 4 2151711746 272761473 19398668 33579010 570564672 2621440 2229376 16 287385747 67156960 3318895108 292639940 4524130 1091848795 8 25453888 310520981 51661420 4 1751222336 1708298820 3225491232 4 2152816780 2774139159 1222901960 1 992223877 1744831536 31102020 2417115656 1682571652 2154197340 2420159552 555248940 3322937392 4 9461847 287652357 3992986016 12 2155893032 45128236 508172304 4 13435905 2705731332 1711376468 6 287244545 2009041558 2289050373 571605017 103301762 2702235208 1628570752 1342490669 9 1073742080 0 134283264 16779520 16384 1416658986 3294670929 1342832776 5 604259456 3249055374 134613164 4 3378803134 2159817865 537527297 2164527109 133697 67108928 204800 2149580992 74048 65536
is_linear=0
shrinkage=0.5


Tree=7
num_leaves=63
num_cat=60
split_feature=5 38 1 18 39 41 41 35 38 34 22 35 35 34 41 22 41 34 23 22 34 41 35 35 34 41 24 23 35 34 35 19 35 22 22 23 41 35 22 40 22 24 24 41 24 41 24 41 24 24 35 23 23 24 35 21 34 24 34 24 23 24
split_gain=68.9208 117.684 127.928 435.721 338.533 111.179 101.477 104.984 94.4587 89.2052 86.9474 98.9379 96.0459 84.9157 84.0735 83.0224 82.5798 78.8792 77.9662 76.9997 76.4137 83.1768 74.8363 74.2791 72.5954 73.0709 71.5462 70.9886 70.781 70.3586 72.1444 70.2799 68.8778 68.6686 68.4873 66.1494 64.8765 64.0451 63.3261 60.8353 58.9008 59.0877 58.3782 57.5426 56.7771 54.6251 61.763 54.3718 53.8695 53.4827 50.887 50.0541 49.7464 49.5671 46.9571 46.9111 45.3378 45.0473 44.8026 44.3642 43.1 41.2846
threshold=0.069166667759418501 0 1.0000000180025095e-35 1 2 3 4 5 6 7 8 9 10 11 12 13 14 15 16 17 18 19 20 21 22 23 24 25 26 27 28 29 30 31 32 33 34 35 36 37 38 39 40 41 42 43 44 45 46 47 48 49 50 51 52 53 54 55 56 57 58 59
decision_type=2 9 2 9 9 9 9 9 9 9 9 9 9 9 9 9 9 9 9 9 9 9 9 9 9 9 9 9 9 9 9 9 9 9 9 9 9 9 9 9 9 9 9 9 9 9 9 9 9 9 9 9 9 9 9 1 9 9 9 9 9 9
left_child=1 2 3 -1 39 32 7 -3 -5 23 12 17 26 18 42 -9 -15 -12 -14 24 21 -16 -22 -7 50 -26 -8 -17 61 37 45 -18 -2 -34 -6 -28 -25 -21 -10 -4 41 -38 -13 58 -19 -31 -47 -39 -35 -29 -11 -50 -46 -20 -44 -51 -30 -45 -32 -49 -42 -27
right_child=5 6 4 8 34 9 10 15 38 19 11 14 13 16 20 27 31 44 53 29 22 -23 -24 36 25 28 35 49 56 30 43 -33 33 48 -36 -37 40 47 -40 -41 60 -43 54 57 52 46 -48 59 51 55 -52 -53 -54 -55 -56 -57 -58 -59 -60 -61 -62 -63
leaf_value=-0.026822718962648651 -0.00019873317796736956 0.0082537939961184748 -0.004219311973429285 0.010962920234305784 -0.0011979392438661307 0 -0.0069491027607000433 0.0049937517810576537 0.0041769620002014562 0 -0.011320424535369966 0.00034275454777343839 0.0032732940453570336 -0.0036149427207874396 0.0059906564856646582 -0.004330587637014105 0.0051114486414007843 0.00075516846663958859 -0.0078983512598824746 0.00015980814578142599 0.0019790958522207802 0.0010362694301875308 -0.00084961764514446259 0 0 0 -0.005459565480123274 0.0072933236660901457 0 0 0 0.0016952846672211308 -4.8390313168056309e-05 2.4195156584028155e-05 0.0090394083526916802 0.0016168261208804324 0 0.00015980814578142599 -0.0059817457658937201 -0.019359018811201167 0 0 -0.0010108477363246493 0 -0.0079790380186750554 0 0 0 -0.00013233715890237363 0.0037529060527958791 0.00015980814578142599 0 -0.0020738226830872009 -0.001370537473121658 -0.008356401326636842 -0.0028971135398023762 0 0 0 0 -1.0076987564389128e-06 0
leaf_weight=1131 1113 918 530 558 549 1014 761 965 429 418 522 792 671 1002 866 762 1371 1150 527 923 3890 3445 26941 1014 1537 447 429 432 2222 650 529 13016 1632 1050 1463 1151 674 712 965 562 1389 1430 670 8598 769 1189 2556 1427 752 556 2250 1611 1615 1022 1268 709 11386 18600 2208 3184 3036 1072
leaf_count=1131 1113 918 530 558 549 1014 761 965 429 418 522 792 671 1002 866 762 1371 1150 527 923 3890 3445 26941 1014 1537 447 429 432 2222 650 529 13016 1632 1050 1463 1151 674 712 965 562 1389 1430 670 8598 769 1189 2556 1427 752 556 2250 1611 1615 1022 1268 709 11386 18600 2208 3184 3036 1072
internal_value=0.00338702 -0.00760264 -0.0734796 -0.145705 -0.00193166 0.0140502 -0.00143435 0.0723472 -0.00152737 0.0198388 -0.00662465 -0.0195517 0.020539 0.033199 -0.011588 0.0317229 0.0463931 -0.0936578 -0.0580196 0.0266605 -0.00500654 0.0572519 -0.0137308 -0.0278912 0.0526261 0.0402974 -0.074373 -0.0171994 0.050862 0.0142776 0.00538698 0.0560803 -0.0502431 -0.0252125 0.119565 -0.0131908 -0.0450033 0.0630393 -0.0711236 -0.224637 -0.063293 0.00567096 -0.0959153 0.014175 -0.0662718 -0.0543453 -0.0775884 0.0417057 0.0151824 0.0397892 0.129104 -0.0267367 -0.110184 -0.119475 -0.142564 -0.0125292 0.0622981 0.00720322 0.083121 0.0216309 -0.0960108 -0.0512735
internal_weight=147030 72407 6187 3083 3104 74623 66220 4342 1952 68465 61878 41928 19950 17609 37872 3424 15389 4056 2220 59908 35142 4311 30831 8557 19332 16664 2341 2459 15127 40576 34330 14387 6158 5045 2012 1580 7543 6246 1394 1092 6529 2104 2730 29935 3534 4395 3745 5323 3413 1697 2668 2363 2384 1549 1938 1265 13608 27198 2737 4611 4425 1519
internal_count=147030 72407 6187 3083 3104 74623 66220 4342 1952 68465 61878 41928 19950 17609 37872 3424 15389 4056 2220 59908 35142 4311 30831 8557 19332 16664 2341 2459 15127 40576 34330 14387 6158 5045 2012 1580 7543 6246 1394 1092 6529 2104 2730 29935 3534 4395 3745 5323 3413 1697 2668 2363 2384 1549 1938 1265 13608 27198 2737 4611 4425 1519
cat_boundaries=0 8 10 15 23 31 39 40 48 52 60 68 76 84 87 95 103 107 111 119 127 135 143 151 159 163 167 175 183 191 198 206 210 214 217 225 233 237 243 247 251 254 262 266 274 278 286 290 294 302 305 309 313 321 323 331 335 343 347 351 355
cat_threshold=1195208 268468736 0 0 0 0 2099200 592 0 1 67110976 134217728 4194312 1082130440 2684354560 412222504 6291460 285229072 1107591176 1073743872 537133120 1627389952 530560 16448 786437 335544320 52461576 3238070272 1744832768 553650688 14464 65562 17837568 1311520 327684 537149440 8192 738197793 8388664 8392 536870912 100682752 16778240 1074889284 33280 134350336 8519936 4438024 4059038018 168131 119783904 4 41944320 1573384 2147565664 77824 67117064 268861760 3227516932 16781312 4096 671088656 1082142850 7618560 570688000 98306 1107304448 34605092 153190408 285610016 153354240 16777232 537919488 343934976 2130048 4522752 526592 1049600 536873476 18432 82845696 1187858 32994 23330818 135288320 1930167859 1627867142 1075871744 1073940608 2181038080 143362 704643109 269631536 69214208 33554434 4523016 8193 2147483648 36178954 269484048 32 2151940648 25182208 1073791155 404979844 623088528 4 3254960134 301568172 2415934514 8 207627524 2685403184 51380224 537133060 65736 134774792 1746927616 1 211878032 553788160 5243136 537526304 166 0 2449473536 8945920 2199584 16 1181696 67502208 327684 1050624 43143170 67838272 805306504 2050 276891808 542113792 8480 671383808 1075906562 2050 268435648 1048832 1074044961 2284060672 33564676 268509184 2148536336 19137570 603983956 1074462752 2252472320 2228224 16809993 67108896 436216832 2 51000332 1644458952 1138884617 4 487850168 140062936 52494996 4 536870913 2147483648 2701200386 655616 67372546 2101248 679495680 12649856 8454144 1090789441 673194528 525568 539099392 8472576 2147501120 262432 81920 1044 273809472 5374009 67633154 537166920 138 2375680 0 1086358016 2163201 4198400 595730432 369164368 1057492 100663424 272642050 4472840 65552 2181365920 1061128 4112 67108961 537667597 347214209 813118144 4 109056057 2973772852 1740545 1 4397637 281547808 863519746 0 168576 35655776 872546306 1054376 48 136413200 67108864 882909184 4197376 8413184 4112 71320657 272638080 1573952 16777218 1120408143 1880166916 33592377 2 553648688 131072 131075 268448032 2166786 1 231202820 327164000 544748803 3 102254368 3526953509 1151861280 10 114704709 820560016 1779442184 6848768 1081346 4202496 288 506462208 1212444 9856 17039360 604573728 3794019057 369544337 4 50888976 281600 671092736 4194369 2131490 1342177288 524288 75513856 3759813763 1075119685 1755455840 8 632848 1090584640 294912 2099205 131072 33554464 5243968 2310145 17402435 349654072 3759677442 8 2957017104 1211390212 570650690 2 2147520545 4460548 2361344 67321936 33558528 541081601 512 37781512 2184307489 182485394 151561936 1282545750 2699580550 285212692 13 91226145 2332266113 4064794 14 3221225475 817956871 537395600 0 939546624 1024 224 88 603456200 1529127155 1249973248 18874468 537935872 1152 8454152 537427968 4735041 1048896 1128400709 2227701024 1640399154 2 167903232 403701764 34701456 2099210 2227176449 537133072 2134016 34603008 604807884 17466416 3423676936 6 2158077059 1157627933 1483906640 4 151294520 403216746 33613864 6
is_linear=0
shrinkage=0.5


end of trees

feature_importances:
Column_34=82
Column_22=67
Column_41=55
Column_23=48
Column_35=48
Column_24=46
Column_5=24
Column_19=24
Column_38=20
Column_0=18
Column_3=13
Column_4=8
Column_39=8
Column_21=7
Column_40=7
Column_8=6
Column_6=5
Column_18=4
Column_29=2
Column_1=1
Column_2=1
Column_20=1
Column_32=1

parameters:
[boosting: gbdt]
[objective: regression_l1]
[metric: l1]
[tree_learner: serial]
[device_type: cpu]
[data_sample_strategy: bagging]
[data: ]
[valid: ]
[num_iterations: 8]
[learning_rate: 0.5]
[num_leaves: 63]
[num_threads: 1]
[seed: 31752865]
[deterministic: 1]
[force_col_wise: 1]
[force_row_wise: 0]
[histogram_pool_size: -1]
[max_depth: 8]
[min_data_in_leaf: 60]
[min_sum_hessian_in_leaf: 0.001]
[bagging_fraction: 1]
[pos_bagging_fraction: 1]
[neg_bagging_fraction: 1]
[bagging_freq: 0]
[bagging_seed: 25533]
[bagging_by_query: 0]
[feature_fraction: 0.9]
[feature_fraction_bynode: 1]
[feature_fraction_seed: 9987]
[extra_trees: 0]
[extra_seed: 8391]
[early_stopping_round: 0]
[early_stopping_min_delta: 0]
[first_metric_only: 0]
[max_delta_step: 0]
[lambda_l1: 0.0005]
[lambda_l2: 2]
[linear_lambda: 0]
[min_gain_to_split: 0]
[drop_rate: 0.1]
[max_drop: 50]
[skip_drop: 0.5]
[xgboost_dart_mode: 0]
[uniform_drop: 0]
[drop_seed: 22808]
[top_rate: 0.2]
[other_rate: 0.1]
[min_data_per_group: 100]
[max_cat_threshold: 32]
[cat_l2: 10]
[cat_smooth: 10]
[max_cat_to_onehot: 4]
[top_k: 20]
[monotone_constraints: ]
[monotone_constraints_method: basic]
[monotone_penalty: 0]
[feature_contri: ]
[forcedsplits_filename: ]
[refit_decay_rate: 0.9]
[cegb_tradeoff: 1]
[cegb_penalty_split: 0]
[cegb_penalty_feature_lazy: ]
[cegb_penalty_feature_coupled: ]
[path_smooth: 0]
[interaction_constraints: ]
[verbosity: -1]
[saved_feature_importance_type: 0]
[use_quantized_grad: 0]
[num_grad_quant_bins: 4]
[quant_train_renew_leaf: 0]
[stochastic_rounding: 1]
[linear_tree: 0]
[max_bin: 255]
[max_bin_by_feature: ]
[min_data_in_bin: 3]
[bin_construct_sample_cnt: 200000]
[data_random_seed: 13582]
[is_enable_sparse: 1]
[enable_bundle: 1]
[use_missing: 1]
[zero_as_missing: 0]
[feature_pre_filter: 1]
[pre_partition: 0]
[two_round: 0]
[header: 0]
[label_column: ]
[weight_column: ]
[group_column: ]
[ignore_column: ]
[categorical_feature: 18,19,20,21,22,23,24,25,26,27,28,29,30,31,34,35,36,37,38,39,40,41]
[forcedbins_filename: ]
[precise_float_parser: 0]
[parser_config_file: ]
[objective_seed: 23742]
[num_class: 1]
[is_unbalance: 0]
[scale_pos_weight: 1]
[sigmoid: 1]
[boost_from_average: 1]
[reg_sqrt: 0]
[alpha: 0.9]
[fair_c: 1]
[poisson_max_delta_step: 0.7]
[tweedie_variance_power: 1.5]
[lambdarank_truncation_level: 30]
[lambdarank_norm: 1]
[label_gain: ]
[lambdarank_position_bias_regularization: 0]
[eval_at: ]
[multi_error_top_k: 1]
[auc_mu_weights: ]
[num_machines: 1]
[local_listen_port: 12400]
[time_out: 120]
[machine_list_filename: ]
[machines: ]
[gpu_platform_id: -1]
[gpu_device_id: -1]
[gpu_device_id_list: ]
[gpu_use_dp: 0]
[num_gpu: 1]

end of parameters

pandas_categorical:null
