tree
version=v4
num_class=1
num_tree_per_iteration=1
label_index=0
max_feature_idx=41
objective=regression_l1
feature_names=Column_0 Column_1 Column_2 Column_3 Column_4 Column_5 Column_6 Column_7 Column_8 Column_9 Column_10 Column_11 Column_12 Column_13 Column_14 Column_15 Column_16 Column_17 Column_18 Column_19 Column_20 Column_21 Column_22 Column_23 Column_24 Column_25 Column_26 Column_27 Column_28 Column_29 Column_30 Column_31 Column_32 Column_33 Column_34 Column_35 Column_36 Column_37 Column_38 Column_39 Column_40 Column_41
feature_infos=[0.018310546875:2.033447265625] [-0.19833333790302277:0.19833333790302277] [-0.91333335638046265:0.9100000262260437] [0:0.19833333790302277] [0:0.91333335638046265] [0:0.91333335638046265] [0:1] [0:0.4609375] [0:1.943359375] [0.018310546875:2.033447265625] none none [0.018310546875:2.033447265625] none none [0.018310546875:2.033447265625] none none -1:6:4:3:2:18:34:16:35:0:17:32:7:1:19:92:70:114:159:170:83:169:61:72:137:50:138:215:193:160:104:191:202:125:214:60:103:94:204:192:33:180:5:181:148:115:213:171:81 -1:34:33:35:2:32:4:5:3:18:6:7:17:1:0:19:16:144:55:89:111:99:69:46:87:63:65:88:47:172:98:53:166:129:183:189:79:211:165:86:154:68:122:142:143:200:164:174:162:44:73:52:45:57:97:43:109:58:132:78:121:151:110:201:196:54:178:77:205:185:76:140:207:80:131:106:75:41:42:66:56:100:195:108:123:194:120:212:62:153:119:67:90:177:190:64:95:206:167:133:155:40:184:117:146:176:135:107:179:102:157:186:198:188:91:139:96:51:101:145:156:161:210:134:173:175:74:124:163:208:84:112:168:85:130:141:187:199:209:152:113:197:128:150 -1:7:5:4:8:3:6:2:1 -1:32:61:14:7:8:34:38:56:30:16:46:15:18:53:42:52:9:20:28:37:45:10:58:21:48:5:43:55:47:3:6:25:36:63:19:41:40:17:44:24:27:26:12:0:62:35:60:22:57:51:49:13:2:23:4:59:29:11:54:50:33:1:31:39 -1:64:58:30:32:77:97:3:78:68:50:47:70:96:10:11:28:33:83:5:20:0:80:46:31:75:56:81:88:48:43:76:86:49:17:44:8:71:82:37:7:1:2:53:38:85:73:62:13:98:16:92:72:66:40:29:52:74:9:4:22:87:89:99:42:90:21:59:35:19:94:15:24:63:79:25:36:41:55:14:23:91:34:93:57:54:45:65:84:51:69:60:18:27:67:12:26:6:61:95 -1:10:31:58:21:44:7:50:23:33:28:61:38:57:92:25:26:20:27:59:6:36:55:47:52:34:39:41:24:42:49:79:19:54:30:0:48:32:51:63:37:56:43:76:2:15:8:81:1:62:13:53:16:3:14:35:72:5:4:67:90:73:45:83:9:11:99:29:91:93:86:46:80:40:87:12:96:74:77:98:22:95:94:75:66:82:18:78:88:65:71:68:85:97:17:84:60:70:89:64 -1:49:16:29:13:17:43:1:3:40:44:28:32:20:36:19:42:33:52:50:7:8:85:71:25:59:68:34:37:91:26:15:54:56:23:31:12:48:30:99:6:41:66:57:38:95:9:51:24:61:18:58:53:76:79:21:47:14:55:5:0:97:69:35:45:72:93:2:22:77:60:4:46:27:82:83:10:62:78:11:74:96:75:86:39:67:65:89:64:73:90:88:87:70:63:98:92:84:81:80 -1:0:56:48:24:16:8:32:60:28:12:4:1:112:120:96:124:62:14:30:6:64:2:126:29:61:5:13:15:7:63:31:125 -1:0:1:2:3:4:5:6 -1:1:2:0:3:4:5 -1:1:2:3:4:5:7:0:6:8:9:10:11:12:13 -1:2:1:3:4:5:6:7:8:0:9:10:11:12:13:14:15:16 -1:7:0:4:6:5:1:2:3 -1:7:5:3:2:4:6:1:0 [0:0.99798387289047241] [0:0.99193549156188965] -1:53:43:42:46:45:41:51:54:40:50:52:39:55:44:166:56:38:165:61:31:65:174:37:62:164:57:47:49:67:58:33:36:48:167:173:32:60:156:157:66:175:59:163:30:34:29:158:159:172:35:177:162:64:68:168:176:69:150:63:160:161:75:155:74:152:182:169:184:179:170:171:151:28:178:181:154:183:153:78:25:72:77:186:26:24:76:73:27:148:149:180:71:70:185:86:144:84:21:23:22:85:87:79:83:142:17:188:20:80:82:187:205:141:140:118:95:139:19:146:88:96:192:143:15:18:81:229:110:204:9:207:228:145:16:195:106:194:199:147:13:189:14:190:193:206:94:11:117:8:107:238:12:227:196:108:2:236:0:97:134:191:109:198:10:217:1:208:200:111:128:138:201:249:135:245:243:112:197:248:7:99:120:130:235:216:250:100:121:212:89:137:241:230:116:237:98:126:224:215:244:119:127:203:246:223:136:209:232:247:115:226:202:239:123:240:234:105:91:3:122:133:221:218:104:5:101:125:90:129:225:132:6:114:213:113:131:231:102:220:210:242:93:219:233:92:211:214:222:124:4 -1:87:86:58:56:59:57:88:32:85:89:172:33:84:200:31:141:171:199:5:201:30:55:202:173:174:4:54:117:71:143:2:227:115:228:118:142:116:3:229:60:0:61:140:70:83:28:42:90:72:26:1:27:230:43:112:100:197:110:185:144:169:29:73:101:16:170:7:198:6:34:184:111:186:99:41:146:69:145:213:53:52:82:44:113:139:17:250:66:67:134:156:15:14:40:212:35:68:157:183:214:249:151:133:225:152:155:150:132:187:39:124:196:162:102:135:226:109:81:218:65:219:122:181:158:163:195:25:18:106:123:168:192:80:149:114:161:51:180:153:38:121:105:125:167:190:10:11:95:191:64:179:224:78:108:9:49:220:203:12:207:24:98:77:119:45:126:120:164:94:96:130:239:240:50:238:204:189:248:208:223:13:237:182:188:19:247:62:206:127:79:37:176:148:211:104:193:178:241:103:129:209:93:8:154:136:205:131:221:236:147:107:74:138:235:128:160:246:21:76:215:177:217:36:97:234:20:194:242:159:63:46:175:48:233:75:165:245:22:222:231:23:232:216:244:47:137:210:243:166:92 -1:16:8:3:7:12:6:4:13:0:9:15:2:11 -1:16:8:7:12:9:3:2:13:6 -1:37:152:29:28:67:33:30:24:135:23:220:118:84:34:27:16:237:143:144:169:59:20:148:58:145:63:139:138:12:149:127:7:60:54:126:212:142:110:211:76:53:109:75:131:64:114:216:57:13:80:229:228:128:6:8:213:77:122:111:50:233:132:207:105:121:71:206:160:104:217:161:203:70:210:230:11:115:125:9:165:224:74:81:108:3:234:223:2:227:162:156:159:155:166:10:17:42:195:41:194:46:199:43:47:196:36:190:200:189:40 -1:160:49:24:83:84:128:150:22:142:6:130:100:82:108:62:126:110:63:123:26:104:43:109:86:146:10:106:38:67:124:148:1:21:147:129:78:158:98:11:3:4:68:0:70:120:157:18:122:156:159:99:16:59:96:119:144:60:85:31:9:5:79:136:47:105:45:40:107:97:44 -1:160:142:124:69:25:2:140:104:103:23:89:27:60:91:71:111:80:88:68:120:47:107:87:101:108:90:50:109:30:51:110:64:48:70:3:106:149:128:131:129:28:31:4:130:49:144:141:7:126:81:24:0:8:151:29:122:100:11:148:150:9:65:10:44:84:145:20:42:5:41:22:102:82:66:67:46:43 -1:136:79:116:118:56:100:47:45:44:82:229:24:7:25:1:230:41:80:106:232:12:196:250:237:188:59:122:65:214:131:217:134:18:23:194:33:160:15:3:141:129:226:36:115:119:61:239:233:103:138:73:135:145:70:223:69:113:72:147:224:142:63:191:37:200:67:26:83:77:149:246:6:96:64:27:84:85:104:66:87:40:102:125:235:46:86:231:4:227:120:0:124:105:5:238:127:98:117:234:126:107:236:20:57:60:121:43:76:58:210:78:247:175:38:42:249:95:173:240:111:17:22:176:206:177:212:19:13:170:50:97:174:197:248:241:123:10:88:166:167:109:215:151:193:245:178:172:62:93:219:157:81:137:242:222:101:185:2:53:183:187:163:208:158:195:51:165:186:30:199:207:228:29:99:180:203:154:89:91:139:220:205:155:140:146:243:8:75:209:179:184:49:16:11:144:14:164:190:198:9:213:221:54:204:132:143:152:201:244:31:130:216:32:192:168:153:52:133:28:171:162:159:39:189:21:181:55:74:108:35:211:225:94:169:90:34:110:156:150:161:218:128:114:68:148:182:71:48:202:92
tree_sizes=7538 8421 8724 8580 8687 8263 8387 8863

Tree=0
num_leaves=63
num_cat=40
split_feature=3 38 38 8 5 38 3 8 19 3 3 3 19 19 8 3 25 22 22 39 18 3 39 25 35 5 39 25 39 34 3 3 39 39 31 7 1 25 39 25 3 3 19 8 34 22 34 39 34 34 6 39 5 25 34 5 34 34 34 34 35 34
split_gain=592.069 6309 940.777 2793.64 705.322 733.182 456.403 680.505 570.403 479.532 385.583 362.188 341.288 304.193 295.947 282.009 272.663 241.108 226.743 390.699 282.635 224.884 206.052 199.979 193.377 192.511 236.04 206.444 190.804 178.655 173.819 168.348 157.627 157.147 142.716 141.132 199.855 158.281 140.9 135.325 128.879 125.989 154.046 130.842 123.778 120.139 119.707 117.501 117.212 116.705 115.791 115.75 164.388 227.34 109.866 108.652 106.272 105.148 102.311 101.581 101.247 99.1696
threshold=0.012500000186264517 0 1 0.48144531250000006 0.094166666269302382 2 0.042500000447034843 0.52832031250000011 3 0.049166666343808181 1.0000000180025095e-35 0.025833333842456344 4 5 1.2148437500000002 0.0091666667722165602 6 7 8 9 10 1.0000000180025095e-35 11 12 13 0.089166667312383666 14 15 16 17 0.024166666902601722 0.077500000596046462 18 19 20 0.10546875000000001 0.024166666902601722 21 22 23 0.0075000002980232247 0.1108333319425583 24 0.92285156250000011 25 26 27 28 29 30 0.32006600499153143 31 0.092500001192092909 32 33 0.18416666984558108 34 35 36 37 38 39
decision_type=2 9 9 2 2 9 2 2 9 2 2 2 9 9 2 2 9 9 9 9 9 2 9 9 9 2 9 9 9 9 2 2 9 9 1 2 2 9 9 9 2 2 9 2 9 9 9 9 9 9 2 9 2 9 9 2 9 9 9 9 9 9
left_child=1 21 3 11 -3 24 7 13 39 22 60 12 46 29 25 16 28 32 19 23 45 -1 -10 -11 -6 26 27 31 -12 -4 -9 -5 48 57 -35 36 -32 -38 -17 50 -23 43 -43 56 -26 -20 -2 -22 -15 -41 55 52 -13 61 -16 -8 -27 -19 -34 -40 -7 -54
right_child=2 4 6 14 5 10 8 30 9 18 15 51 -14 17 54 38 -18 33 20 -21 47 40 -24 -25 44 41 -28 -29 -30 -31 35 -33 58 34 -36 -37 37 -39 59 49 -42 42 -44 -45 -46 -47 -48 -49 -50 -51 -52 -53 53 -55 -56 -57 -58 -59 -60 -61 -62 -63
leaf_value=0.00050191840055049399 7.5252635724609718e-05 7.5252635724609718e-05 -0.0013747906639764551 0.024169608859665459 0.0022955770742555614 0.0049226407099922653 0.0028642042794672306 -0.0031685688394645696 0.0020438650411961135 0.0014490967405436095 -0.0051645699866639918 0.023311375921912261 0.00074249005629098972 -0.0031075678045453972 -0.0017278266641369555 -0.0030971124862844593 0.00034767529068631121 0.0020711584387754557 -0.00017905096101458187 0.00030465109230135565 0.0008749573949899059 0.011433314720488853 0.00081803724096971562 0.00045206421273178419 0.0016848343911988195 0.00026450903023942372 -0.0014488555876596366 -0.0035992960190924352 -0.0036416881463082976 0.001387941944267368 -0.00025604194743209522 -0.0036445835816266482 0.0023774958586727734 7.5252635724609718e-05 -0.00086677638246328574 -3.8702482561348028e-05 -0.0030530905794876164 0.00086504610590054654 -0.0027129510861414021 0.00068358205244294372 0.0059821955415827691 -0.00053946272018947641 0.0020346935394627511 -0.001443793948419625 -0.0013949197811598424 0.00032320229220204053 0.0039505915272457061 0.00045154617619118658 7.5252635724609718e-05 -0.00029906353520345872 -0.00028787584524252456 0.00028425584387150595 -0.0037243845152261203 0.0058610545958799774 -0.0010557188601524104 0.00023924968845676631 -0.00094475518344552269 0.00027742992169805803 0.00086640790032106458 -0.00051351549118408004 -0.00029152796123526063 0.00039178539082058706
leaf_weight=1374 881 15754 1836 1897 2467 540 4460 5138 18307 34399 19839 2093 4510 844 3118 4374 1750 2459 30907 35908 40834 11651 9630 15403 1424 4204 4276 1118 11423 22691 6657 436 3331 22145 28991 11463 5536 845 1071 2167 8269 5927 2251 9970 9005 38738 12277 123616 7345 24473 17301 13049 635 2498 18836 9242 38215 21281 24370 7391 2960 4503
leaf_count=1374 881 15754 1836 1897 2467 540 4460 5138 18307 34399 19839 2093 4510 844 3118 4374 1750 2459 30907 35908 40834 11651 9630 15403 1424 4204 4276 1118 11423 22691 6657 436 3331 22145 28991 11463 5536 845 1071 2167 8269 5927 2251 9970 9005 38738 12277 123616 7345 24473 17301 13049 635 2498 18836 9242 38215 21281 24370 7391 2960 4503
internal_value=0.000215008 -0.0467606 0.00686881 -0.042871 -0.132368 -0.163481 0.0182677 -0.0105596 0.0299967 0.039923 -0.199526 0.0990777 0.168913 0.00898288 -0.106493 -0.21544 -0.247232 -0.00552349 0.0327895 0.0613918 0.0223132 0.266731 0.121588 0.0986532 -0.025366 -0.0853844 0.0112319 0.137423 -0.261165 0.0744621 -0.0997597 0.247187 0.0382714 -0.0265182 -0.0468054 -0.0769531 -0.123205 -0.205386 -0.133653 -0.0298865 0.284398 -0.0977105 -0.02267 -0.109423 -0.0640939 -0.0123918 0.221718 0.0370107 -0.0409202 -0.0638533 -0.000686159 0.0448989 0.0985057 0.0543391 -0.172143 0.0439467 -0.0936666 0.017182 0.0616898 -0.0843141 0.00838168 -0.0240179
internal_weight=800303 99292 701011 130694 77998 62244 570317 164932 405385 347742 49348 40446 17668 135293 90248 45848 33012 110766 319805 85710 234095 21294 27937 49802 12896 68294 7727 3451 31262 24527 29639 2333 35890 74876 51136 24501 13038 6381 12836 57643 19920 60567 8178 52389 10429 69645 13158 164450 8189 26640 31003 22778 9729 7636 21954 13702 42419 23740 27701 8462 3500 5138
internal_count=800303 99292 701011 130694 77998 62244 570317 164932 405385 347742 49348 40446 17668 135293 90248 45848 33012 110766 319805 85710 234095 21294 27937 49802 12896 68294 7727 3451 31262 24527 29639 2333 35890 74876 51136 24501 13038 6381 12836 57643 19920 60567 8178 52389 10429 69645 13158 164450 8189 26640 31003 22778 9729 7636 21954 13702 42419 23740 27701 8462 3500 5138
cat_boundaries=0 7 15 23 29 36 42 46 49 52 58 65 71 75 83 88 89 95 103 108 113 114 116 121 125 131 139 142 150 155 163 171 176 178 185 193 201 209 217 225 233
cat_threshold=9650124 2129940 131137 34078976 136315920 64 33571072 9646024 2129940 131137 34078976 136315920 64 2181054720 1024 1207959552 302009088 11392 541372928 2147631105 536870916 2149842960 1096 0 13 0 64 0 2 524290 14680071 16777728 18874400 570654848 134254848 33048 0 8388621 151013376 67313744 133209 33554434 1073758277 1073741824 1 65537 795869184 23 1107296192 3221225472 537102719 65512 2151940144 64 3932160 469787392 1879048198 1 262176 805568527 131136 524288 2148533760 3149312 2097152 88408067 1073875008 3424328 335560709 4026613760 1 553759155 65537 1 1 1342214272 1026 25297952 8651169 37924 8650754 1048577 8 67584 134217728 1310720 159387661 2415919104 1 88080384 2147485696 1835008 1560305936 1073741828 1 98416 33024 1073799168 16782849 134348824 256 2147549184 74974081 2147551232 0 16 1560285200 1612529667 2237664857 3624011776 4472920 0 2417229825 30 268435457 1073807360 2099267 1073741824 4980760 1291851024 1075642369 74037 1 1 536870912 130 1140850950 102844473 161523712 574619648 1073741824 2147516416 1053251 41943056 4194305 144707846 269516817 14468 131136 525424639 71569408 1431371776 30720 2164260864 2183659717 134415168 2164275201 4194304 67145728 98304 2147483650 256 4194320 1291853072 262145 67375168 5242880 536936448 547356672 2113537 144 2147683537 2248704 8421912 0 1331232 6144 139892 1610613248 2484092936 67633157 2166423570 402786304 49152 8388617 2415919104 259 65537 1090535568 1074012544 1216348160 3490381824 537198720 295456 2164261000 2281709568 8390656 3221365376 100810758 8425472 0 1611400576 6324738 667668 2097152 536870912 131585 34078736 1342441472 68157568 105984550 403742945 16416 142606400 402653184 33554561 2626050 185106432 38797312 84411936 603979776 2149580800 2684355072 17063936 27263044 2281703780 288 579587 1220811809 67117088 0 281026849 524288 384 33570816 67125248 2147483664 2147516992 136314888 2818576384 1411399778 18876417 131280
is_linear=0
shrinkage=1


Tree=1
num_leaves=63
num_cat=52
split_feature=5 38 26 7 38 3 7 39 41 41 3 38 40 38 8 22 41 7 26 20 41 41 41 41 40 34 4 19 35 41 35 34 3 40 40 41 41 35 34 34 23 35 34 23 34 41 19 41 35 34 8 23 41 34 35 35 19 35 34 41 41 34
split_gain=342.211 489.832 325.756 232.138 292.829 164.13 163.035 310.362 152.642 126.574 125.562 465.042 193.165 159.729 278.362 136.521 136.187 124.727 308.446 351.426 119.063 111.608 109.609 108.734 107.23 113.01 107.072 136.676 105.8 105.524 103.993 103.018 100.228 183.439 178.048 99.5008 97.9181 94.9812 100.344 99.4863 96.175 101.471 94.0527 93.0212 107.236 106.071 93.812 91.9055 94.3426 91.3984 91.2885 94.4378 89.3296 87.9236 87.5992 86.5542 86.2505 86.0892 84.8937 84.2586 83.6466 80.3188
threshold=0.095833331346511855 0 1 0.32421875000000006 2 0.077500000596046462 0.21484375000000003 3 4 5 0.0075000002980232247 6 7 8 0.23925781250000003 9 10 0.12109375000000001 11 12 13 14 15 16 17 18 0.089166667312383666 19 20 21 22 23 0.025833333842456344 24 25 26 27 28 29 30 31 32 33 34 35 36 37 38 39 40 0.26074218750000006 41 42 43 44 45 46 47 48 49 50 51
decision_type=2 9 9 2 9 2 2 9 9 9 2 9 9 9 2 9 9 2 9 9 9 9 9 9 9 9 2 9 9 9 9 9 2 9 9 9 9 9 9 9 9 9 9 9 9 9 9 9 9 9 2 9 9 9 9 9 9 9 9 9 9 9
left_child=1 2 -1 6 50 29 10 8 -8 58 11 -2 61 14 23 30 -16 32 21 -20 28 -19 -17 -12 53 -26 43 -28 -3 -4 -14 -29 33 -15 -34 -18 -10 39 -39 -11 41 -40 -38 45 46 -22 -45 -27 -49 57 60 -52 -46 -9 -44 -51 -31 -47 -6 -42 -5 -13
right_child=3 20 5 4 9 -7 7 24 36 37 13 12 15 17 16 22 35 18 19 -21 26 -23 -24 -25 25 47 27 31 -30 56 -32 -33 34 -35 -36 -37 42 38 40 -41 59 -43 54 44 52 49 -48 48 -50 55 51 -53 -54 -55 -56 -57 -58 -59 -60 -61 -62 -63
leaf_value=-0.0021023710610097624 0.006661384436629305 -0.0063565441289028966 0.0044708332544178119 -0.0019530057767042312 0.00055711562370561283 -0.001503244044906751 -0.0037708928930442198 0.0018463183427593324 0.0022796414474942138 0.0013113075888031747 0.0034996147901983931 0.0036913653710871587 -0.0038530276281744593 0.00073828097945806794 -0.001449129911743512 0.00097988801400788377 0.0004207441615653804 -0.00077976199259865108 6.3160769059322778e-09 -0.00082629190026636942 0.0035507590188717584 0.00026500294541619945 -0.0027448080308022328 0.00069207662807457371 0.0010172352465633594 -0.00098095223962445743 0.0054787005881735242 -0.0040336599174406731 -0.0006598084152028606 0.0040983869837145906 -9.4581830489914802e-05 0.001690922836169193 -0.00022781839830713583 -0.00057751809388719257 0.00015699406900239408 -0.00052029059403139403 -0.0026485518435583797 0.00058258284458133868 -0.0022583709170794462 -0.0023548158441190027 0.00069411734850291398 0.00026843848925636851 -0.0022657206252915786 -0.002656952529468981 0.0033197159849805758 0.0073768449525596228 0.0035887486702267778 -0.00059904392150201603 0.00035835917038639308 -0.003958860764359997 -0.0030090813366768997 0.00090741509924555444 0.00050782482994691234 0.00072122037559893212 1.7494027670181835e-05 -0.00063041884885024053 0.026679842696503329 0.00096669514674431424 -0.0032822833137106499 -0.0013462529852040462 0.0054757849224915849 0.00036768293331988371
leaf_weight=2813 3822 1332 1561 530 545 913 3162 2575 1011 450 1358 519 989 7927 5925 923 4447 4789 40986 40541 2391 57036 12851 9443 6304 2766 2058 533 6946 637 6746 3827 41182 28153 229304 46226 1640 3804 1207 3001 1456 7720 1746 793 4034 535 6778 5098 38817 2491 796 1762 49104 17734 10839 21013 6690 2829 3015 17830 3012 3038
leaf_count=2813 3822 1332 1561 530 545 913 3162 2575 1011 450 1358 519 989 7927 5925 923 4447 4789 40986 40541 2391 57036 12851 9443 6304 2766 2058 533 6946 637 6746 3827 41182 28153 229304 46226 1640 3804 1207 3001 1456 7720 1746 793 4034 535 6778 5098 38817 2491 796 1762 49104 17734 10839 21013 6690 2829 3015 17830 3012 3038
internal_value=-0.000480004 0.0319569 0.152899 -0.00604961 -0.0511013 0.20885 -0.00286229 0.0224998 -0.0529603 -0.071793 -0.00711992 -0.0488231 -0.0810232 -0.00479095 -0.0342978 -0.104231 -0.0525512 -0.000369835 -0.0161963 -0.042449 0.0173621 0.0184267 -0.143051 0.0613116 0.0414441 0.0260383 0.0237889 0.104891 -0.0573944 0.236018 -0.0349877 0.0392497 0.00703074 -0.0251483 0.0113232 -0.0416149 -0.0259181 -0.0600169 -0.0489291 -0.162359 -0.0622941 -0.0064716 -0.0398574 0.0180038 0.0325102 -0.0121024 0.104833 0.0149926 0.0222403 -0.0237946 0.0812499 -0.0121874 0.0221844 0.0815978 -0.0206914 -0.0381442 0.268626 0.076244 -0.188522 -0.0881127 0.148928 0.0591902
internal_weight=800303 117278 12614 683025 45128 9801 637897 91692 18398 39028 546205 28888 25066 517317 67399 21509 56598 449918 143352 81527 104664 61825 13774 10801 73294 52985 96386 6418 8278 8888 7735 4360 306566 36080 270486 50673 15236 35468 32017 3451 28213 8927 14225 89968 60709 29259 7571 46681 43915 26868 6100 2558 53138 20309 12585 23504 7327 3364 3560 19286 3542 3557
internal_count=800303 117278 12614 683025 45128 9801 637897 91692 18398 39028 546205 28888 25066 517317 67399 21509 56598 449918 143352 81527 104664 61825 13774 10801 73294 52985 96386 6418 8278 8888 7735 4360 306566 36080 270486 50673 15236 35468 32017 3451 28213 8927 14225 89968 60709 29259 7571 46681 43915 26868 6100 2558 53138 20309 12585 23504 7327 3364 3560 19286 3542 3557
cat_boundaries=0 8 9 17 22 30 38 46 51 59 62 70 71 72 80 88 96 104 109 117 124 132 140 148 156 161 166 174 182 190 198 206 209 217 225 228 235 243 250 258 266 274 277 285 293 301 309 316 324 332 340 348 356
cat_threshold=1261516 17408 0 0 0 536870912 0 8704 2 210892 4194320 1089 34111744 131072 0 2164523264 8 65536 134217728 0 92288009 2417754113 67108896 541065216 8388612 134217792 16777264 1086915588 2226716672 296769 2097168 131264 33619968 805307920 205537312 1208231428 7342400 2097152 1261516 2115600 131136 528640 2147500032 4 2147746064 1024 17826305 268488192 110428229 57344 131076 1195852 2393616 131137 528640 2149581840 536870912 33554688 1088 1490027518 4026548256 97585489 4169 262984 2099201 33056 1376526352 3271557139 196608 512 1 146 134219776 8320 1107296259 24576 67108864 2149639186 69240046 18874372 1610908672 263232 2416050176 3221237826 2349076480 1073744896 1074790432 2115585 2185298208 552206466 16777216 32 269484036 554696704 268440064 65550 18 4368 2692747264 130 403325057 2281701490 1056800 328716 3380610432 269357056 260309181 47104 10 1075855370 33686592 2168455168 268503140 0 2449474560 604766232 33816579 786549 1158152192 1056780 32832 352354368 83919104 147648 268698272 4456800 524800 66050 1610620930 436221952 541066240 67371056 2147483648 128 143066276 2684355592 1076887697 2282422848 33685760 4096 1073760260 2684620944 1084230656 25166337 17012992 192 10241 1 272898 167782403 4194336 32769 303233 2097280 1141114912 10526720 2176846081 268668928 244383807 61440 6 822086913 268500992 244776986 8256 8519684 810287394 604135425 67126536 8520194 6291458 524288 536871424 2392064 968950791 201328000 3166208 16785922 0 33554944 256 17317920 271872 65792 366600 135275010 9445376 1049088 1092092932 16842816 2554365440 1048576 2147647492 1179712 537657920 16777224 67119248 49670 1073754144 4096 8 1342275632 2418016260 35913729 262145 1638432 671274010 2284135682 554420807 271583352 2149580804 22020144 0 134349056 201326592 2415921192 5242885 0 8683520 808714257 1175597056 269484064 2181169156 2165309440 9478144 1987451912 4520639 2097284 134751248 2164277248 958497 671154192 0 537202689 290462724 1536 541130784 160 35651872 538214413 541131008 1627981824 1183744 65536 9986048 109054976 8481810 872419360 20 802888 2638336 1082130445 268435460 1073754242 67174400 263170 50376728 360448 2685404032 268437536 67109908 131328 17056002 1083801616 16842752 42467328 67126048 16777216 176173570 1073741832 2686454160 131336 134352978 16 290305495 119169560 201588736 2751463428 5046285 285212672 27263040 1073811456 1778385152 336385 136 2149580800 12615680 3229618320 4269568 1086324744 536873280 138420225 8388656 805315392 17302018 1048704 16778240 77594690 9961792 4210720 25174530 2155910176 1073750032 537133056 151060481 42205696 70123553 3158016 5120 0 565248 5243952 34832 12601362 872956064 270376 150995008 4456576 36700216 2147483648 65608 537414146 135307264 8 135266304 2149646336 21242884 268443653 2149711936 671088673 69739008 52429824 0 13123584 1082148866 33566976 33554433 79167624 603988993 33571843 18875394 1074037248 16389 738198024 0 281151488 135086346 1065088 170143754 8392736 6291584 65537 4097 159647744 16794756 8
is_linear=0
shrinkage=0.65


Tree=2
num_leaves=63
num_cat=53
split_feature=8 38 3 38 38 19 21 22 8 25 41 41 41 34 35 8 3 0 22 41 35 34 22 34 38 41 35 41 34 0 35 34 34 35 21 35 35 0 41 6 35 19 41 34 34 35 41 35 34 41 34 34 34 35 41 35 34 41 22 41 35 41
split_gain=190.116 629.127 213.173 277.543 218.261 168.733 129.036 127.886 125.327 121.341 147.626 118.45 116.18 114.78 124.331 113.336 112.242 153.28 129.387 109.941 109.088 107.922 104.103 104.06 103.504 103.104 101.694 101.233 101.559 99.2275 113.36 97.578 96.9244 96.4222 96.0274 98.0126 94.8749 94.7483 94.1738 93.7206 132.426 108.961 94.9369 92.1776 91.6659 91.1215 97.0276 91.0558 90.6679 89.4004 88.7732 88.1257 87.8855 87.7596 87.7031 87.1744 84.4643 84.4222 83.568 81.3991 82.941 81.2866
threshold=0.16015625000000003 0 0.019166666083037857 1 2 3 4 5 0.35644531250000006 6 7 8 9 10 11 0.55078125000000011 0.0091666667722165602 0.89807128906250011 12 13 14 15 16 17 18 19 20 21 22 0.87390136718750011 23 24 25 26 27 28 29 0.30773925781250006 30 0.070599462836980834 31 32 33 34 35 36 37 38 39 40 41 42 43 44 45 46 47 48 49 50 51 52
decision_type=2 9 2 9 9 9 1 9 2 9 9 9 9 9 9 2 2 2 9 9 9 9 9 9 9 9 9 9 9 2 9 9 9 9 1 9 9 2 9 2 9 9 9 9 9 9 9 9 9 9 9 9 9 9 9 9 9 9 9 9 9 9
left_child=1 7 3 12 9 16 20 -1 19 25 -11 -7 -2 14 -13 31 17 18 51 -5 -6 59 -14 33 27 -4 -10 -15 -29 55 -31 -12 -20 -21 47 -36 -18 -9 -8 40 -40 42 -41 -27 -28 -17 -47 -25 -43 -46 -24 -3 -42 -34 -33 -26 -38 -16 -45 -22 -61 -23
right_child=2 5 4 8 6 11 38 37 26 10 15 13 22 24 57 45 36 -19 32 23 21 61 50 34 29 43 44 28 -30 30 -32 54 53 -35 35 -37 56 -39 39 41 52 48 -44 58 49 46 -48 -49 -50 -51 -52 -53 -54 -55 -56 -57 -58 -59 -60 60 -62 -63
leaf_value=0.00088452626044909259 -0.0025645676544390878 0.0057669708917419482 -0.00097882466353803473 -0.0021235065634546118 0.00044374299137689378 -0.0014837776526983363 -0.0002382590634824738 0.031935388619078367 -0.0039792741544970337 0.00061451326952783345 0.0021001212767805559 -0.0024551305434829373 0.0060130804493073809 0.0042474562114921347 -0.00096749068302051449 -0.0028634724976345748 -0.0028509764063073817 0.00088511037669195534 -0.0087796467635689619 -0.0030434895373055047 0.0017373009213097249 -0.0011873355136031022 -0.0041016878438476859 0.00083735328039438175 -0.0024526145633153645 0.0014053027271384055 0.00094525720139245113 0.0033386255034911303 0.00059082672850308882 -0.0010336032263312516 0.00096818180661193765 -0.0024095288007501951 -0.0075075262435875629 0.00096784530891272857 -0.0016424923510367081 4.5530622222941214e-05 0.0036289145622722574 0.0050103016974589994 -0.0010528395883902706 -0.00069237349083050518 0.00056867419363152295 -9.8476196502815617e-05 -8.2471650184744125e-06 0.00068694846349535521 0.00084220805985114563 -0.0016496124197929018 -0.0006212593194522924 -0.0013918816441018862 0.00022589234813494841 -0.0019702476788097559 0.0019552665798746602 -0.001412849665020076 -0.00016565917481239012 -0.0031543289247802021 -0.00018457097711325335 2.8069149057955745e-05 0.00018434341900683645 0.0027659581941243232 -9.1717918117865293e-05 -0.0011975176706655476 0.00039264190133144437 -0.00031212763478288255
leaf_weight=2438 986 542 1275 4578 7139 3885 34341 3353 1152 6054 1858 818 2083 1290 743 3295 930 2233 975 598 990 4234 652 1662 3845 1065 815 1629 10222 883 5954 2081 1220 4965 2259 16968 970 7428 3672 6682 4144 39993 73947 4748 746 4851 37949 16158 283268 6414 5326 3512 28214 5449 19595 27764 9249 5745 10022 867 5660 47920
leaf_count=2438 986 542 1275 4578 7139 3885 34341 3353 1152 6054 1858 818 2083 1290 743 3295 930 2233 975 598 990 4234 652 1662 3845 1065 815 1629 10222 883 5954 2081 1220 4965 2259 16968 970 7428 3672 6682 4144 39993 73947 4748 746 4851 37949 16158 283268 6414 5326 3512 28214 5449 19595 27764 9249 5745 10022 867 5660 47920
internal_value=-0.000247718 0.0261019 -0.00405676 -0.0393994 -0.000412232 0.00619893 0.00458294 0.158238 -0.0563717 -0.0295356 -0.0407114 0.0242029 0.0662269 0.03146 0.107652 -0.0491786 -0.038857 -0.0777686 -0.107556 -0.0428926 -0.0221589 -0.0312459 0.0920289 -0.0325747 0.0206467 0.0198925 -0.126098 0.0704212 0.0514499 0.00361692 0.0746088 -0.012483 -0.157236 0.0502511 -0.0450241 -0.0131426 0.00973452 0.188682 0.00835057 0.0109099 -0.0208537 0.0137438 -0.00763321 0.0342494 -0.0995304 -0.0679231 -0.05985 -0.079391 0.0190754 -0.123076 0.0481802 -0.0134284 -0.00755019 -0.128716 -0.0247556 -0.0117412 0.0278907 0.1378 0.0208429 0.0415261 0.0150099 -0.0417417
internal_weight=800303 101077 699226 65362 633864 87858 541071 13219 56315 92793 75683 62778 9047 58893 7306 69629 25080 13931 11698 47188 66810 59671 8061 42610 51587 17110 9127 13141 11851 38446 6837 23534 7644 5563 37047 19227 11149 10781 474261 439920 36030 403890 80629 15835 7975 46095 42800 17820 323261 7160 5978 4054 32358 6669 21676 31609 10219 6488 14770 7517 6527 52154
internal_count=800303 101077 699226 65362 633864 87858 541071 13219 56315 92793 75683 62778 9047 58893 7306 69629 25080 13931 11698 47188 66810 59671 8061 42610 51587 17110 9127 13141 11851 38446 6837 23534 7644 5563 37047 19227 11149 10781 474261 439920 36030 403890 80629 15835 7975 46095 42800 17820 323261 7160 5978 4054 32358 6669 21676 31609 10219 6488 14770 7517 6527 52154
cat_boundaries=0 8 15 23 30 31 34 38 46 54 62 70 78 81 89 97 105 108 116 124 130 138 146 154 162 170 178 186 188 196 204 212 220 227 235 243 251 259 267 275 283 291 299 307 315 323 331 339 347 355 359 367 375 383
cat_threshold=1261516 32784 65 33554688 1024 536870976 2147500032 1024 1261516 33554432 11328 604016896 2281701376 536870916 20 1261508 32784 1216 100696320 134218752 536871012 2375936 1024 60 68714496 2151677960 139296 125829125 1434976520 8544 255 1023 2181046368 1342177536 1342177408 3506438144 0 1358954496 39919912 3909156992 806388288 401536 32 2147488256 671088640 2048 2097170 327680 2415925248 541077504 67436545 252048 131112 819200 58876162 5517312 384 1744830464 32 545261568 2415919368 2180112 67141746 2151161888 2156003344 289407008 939556896 1048576 33554560 34340866 570460224 4473121 8389633 1410334720 2149842978 305 1073750016 74752 2424308735 1702103325 34603022 2149597184 1049088 4194304 2301636624 67241984 134525184 646 17434624 17891456 1342178312 537985024 34736128 3758096448 539099329 4 1082480 16781313 263168 1615872258 16950272 33555072 32898 2147486722 21102616 411041792 1953135184 23937470 1076364032 164160 151072768 134250504 541327361 1073741872 157700 67117058 8388608 264452 209920 1141690368 136513537 549 50855936 72 2181062672 2694907543 805306496 1342702594 8392704 6676 280898 268959745 9216 536872960 360448 168952584 1142947925 96 2181042240 605036576 570425360 16793600 1082112 134217796 577011780 8576 2156004352 16793600 268435458 282628 8405264 2223243296 2281897990 2098560 1074167816 1115392 67182674 67117056 131144 16782338 33800 2504 1050656 805306624 524288 68158478 67241216 2281701376 604571072 67175680 69206024 470810640 33687554 4460544 1359053088 2097152 201359392 5505284 604244032 277086209 1073758220 1073774592 1074004064 3221225516 541081624 1048576 3060771584 543386846 8192 536887584 4293120 151142400 2116801 65680 1417805840 1042 19456 131072 536875264 100663456 35127296 3829661710 151552 8452 2418019584 2214608972 2147631105 2181038080 294912 34613504 67641384 6144 9442304 131264 67149826 33555456 1749090368 2156396576 35917824 6016 524288 6 193003536 469967872 4259993 50356496 49164 76546052 16777521 41472 2408468 344006656 16777216 562036992 8716800 134610944 8388672 16777472 138936322 289 536870914 84017536 33654806 1048578 65536 42209282 229376 69469184 2415952384 8413376 84280352 0 1109393408 12288 698351616 268443712 411877504 1108033664 659584 1572864 75508736 4224 201326624 168436226 75497473 35848256 524334 134578176 49152 50688 268701760 12288 25 704643076 11608960 570425360 2164260864 1619002368 50635025 537657344 1073873160 2719023232 263168 1208614920 1946681344 1080559620 411041796 0 8208 2718179840 196616 4207104 16 1342177280 134217728 746686672 2286552076 24 4325408 9455616 8454144 2151727248 2114 2 805355569 2097154 50462720 1082523712 2080 1073745920 135004160 1244668928 2097416 3221225609 8790032 3221684225 2157969456 66564 134221832 276824072 3758098464 8397184 2097161 1636827136 2064 18874387 16777216 860373008 150995072 288358400 9568258 132352 281804800 726020 33603584 1082130464 570556416 131076 3156101 268442624 4 1132462144 102760453 2418563076 16777472 637535232 262152 64 336595012 4202498 335807491 1073741856 22020608 134482948 1179712 78252707 1325594880 3256877571 3 205816067 16794624 570425344 1207969920 2415921216 2248146976 402653184 1040 805306432 2752544 2149581952 419496000 69338112 268443904 1076887560 12609536 4272164 524545 0 2377728 304129 525952 33484 19931136
is_linear=0
shrinkage=0.65


Tree=3
num_leaves=63
num_cat=57
split_feature=8 39 1 18 41 22 40 34 34 35 8 18 1 38 3 40 39 23 41 22 41 25 38 41 38 41 41 18 40 34 19 34 34 34 35 41 34 34 34 41 41 22 24 40 35 24 35 23 34 39 41 22 41 22 35 34 41 34 34 35 23 24
split_gain=97.8139 139.954 117.478 211.974 113.834 120.99 116.065 112.179 110.849 104.167 98.8459 218.589 303.225 223.148 213.221 191.087 188.519 187.9 164.696 163.547 131.762 131.579 130.278 139.925 128.439 120.736 119.657 113.703 107.672 101.797 101.572 98.1482 97.3049 92.0997 91.2066 97.4672 91.1574 88.4146 87.9148 88.9019 87.5545 85.7038 85.2917 84.2017 83.0559 80.8163 92.0621 78.8619 78.4751 78.2995 102.36 102.159 94.2369 93.8951 112.485 89.8553 86.2679 85.9695 85.286 85.2634 77.6157 88.6718
threshold=1.6220703125000002 0 0.10916666686534883 1 2 3 4 5 6 7 0.36035156250000006 8 -0.012500000186264513 9 0.015833333600312475 10 11 12 13 14 15 16 17 18 19 20 21 22 23 24 25 26 27 28 29 30 31 32 33 34 35 36 37 38 39 40 41 42 43 44 45 46 47 48 49 50 51 52 53 54 55 56
decision_type=2 9 2 9 9 9 9 9 9 9 2 9 2 9 2 9 9 9 9 9 9 9 9 9 9 9 9 9 9 9 9 9 9 9 9 9 9 9 9 9 9 9 9 9 9 9 9 9 9 9 9 9 9 9 9 9 9 9 9 9 9 9
left_child=2 31 10 4 -4 37 48 -3 -5 -9 11 14 13 17 25 16 28 29 -18 24 -16 -21 23 -17 -15 -1 -24 -19 -14 -13 -22 -2 -8 -27 -10 -36 -32 -6 39 42 -34 -35 -12 -11 -39 46 -41 -33 -7 50 -40 52 -51 54 -52 -54 58 -55 -53 -58 61 -45
right_child=1 7 3 8 5 6 32 9 34 43 38 12 15 19 20 22 18 27 -20 21 30 -23 26 -25 -26 33 -28 -29 -30 -31 36 47 40 41 35 -37 -38 44 49 45 -42 -43 -44 60 -46 -47 -48 -49 -50 51 53 56 55 57 -56 -57 59 -59 -60 -61 -62 -63
leaf_value=-0.0012495353646004331 0.0011876580323420514 -0.0010788078598161519 -0.0009740885603842799 -0.00022950553855480396 0.0014861983405808133 0.0015698052753811229 -0.0012448314585135904 0.00042786055226142714 0.0012137753957322274 -0.00086950748911840501 -0.0023486352922317565 -0.0021067416666219517 -0.0066095524774474603 -0.000696876702399004 0.0027591791686699704 0.0025267778937574808 0.0032199840532718574 -0.0024707451907551785 -0.00053430188392667344 0.0013790879952975956 0.0017455144919605117 -5.4621518308454069e-05 0.0024958435903091416 -0.00052057618911126161 0.00099847111998487914 -0.00073894102344993363 0.00019621927343696391 -2.7230261984141217e-05 -0.0016902947113906523 0.001958407557723058 -0.0034885348274166072 0.00074629181442587651 -0.0011585475200717155 0.0021818295740621122 0.0012224239023423253 0.0004079976379543951 -0.00032547553040594734 0.0014139479298100925 0.00050624037137813509 0.0006826339351391653 -9.4722568905126559e-05 0.0070446663751442427 -0.00061789404228456985 0.0002563244586744986 0.00013060074998420522 -5.7572102024005228e-05 -0.0006810014928422789 -0.00024068276811221946 0.00024452472643679362 0.00067909505952411567 0.0010745906668499171 -0.001397536888362947 -0.00063954690858181488 0.00020589461167496673 -7.1138321232865539e-05 -0.00011436167336632925 -0.00021670869481290537 -0.000458957661070599 -0.00020394984944273342 0.00018347026095943874 5.7946202841781533e-07 -0.00095172379446826192
leaf_weight=1471 1016 2829 3229 3977 1228 806 2026 2131 2670 5047 1161 598 1163 9813 1892 1699 1679 5813 26645 31255 3489 6358 2708 45570 6582 1383 61617 4134 12335 4220 1390 2232 1569 3633 2562 23256 11243 1080 8891 1709 12808 9085 2698 1310 8360 34684 14605 5031 3501 4982 2978 1526 11515 9016 32855 70521 20802 66188 11042 150521 9248 2918
leaf_count=1471 1016 2829 3229 3977 1228 806 2026 2131 2670 5047 1161 598 1163 9813 1892 1699 1679 5813 26645 31255 3489 6358 2708 45570 6582 1383 61617 4134 12335 4220 1390 2232 1569 3633 2562 23256 11243 1080 8891 1709 12808 9085 2698 1310 8360 34684 14605 5031 3501 4982 2978 1526 11515 9016 32855 70521 20802 66188 11042 150521 9248 2918
internal_value=-0.000218479 -0.0355654 0.00124242 0.0272311 -0.00816747 0.00381012 -0.0251568 -0.0611683 0.064946 -0.044474 -0.0012426 0.00894275 0.00155332 0.0374169 0.057807 -0.0145237 -0.0519888 -0.0333863 -0.0218379 0.0567697 0.00966916 0.080384 -0.00047757 -0.0263816 0.0025751 0.113523 0.0185593 -0.084391 -0.115181 0.0718633 -0.00942728 0.0370823 -0.0500914 0.131953 0.0791403 0.0672396 -0.036548 0.0600093 -0.00708779 -0.0314522 -0.0312148 0.149301 -0.12644 -0.060143 0.0385103 -0.0242364 -0.0619502 0.0104536 0.0696804 -0.00366702 -0.0174937 0.0024544 -0.0158934 -0.0228687 0.00451527 -0.0211681 0.0111371 -0.0359152 -0.0408187 0.0149511 -0.0332518 -0.106085
internal_weight=800303 31762 768541 67072 34607 31378 20710 23483 32465 20654 701469 255775 222189 68773 33586 153416 41822 14765 28324 54008 18014 37613 111594 47269 16395 15572 64325 9947 13498 4818 16122 8279 16403 14101 28488 25818 12633 10668 445694 54857 14377 12718 3859 18523 9440 50998 16314 7263 4307 390837 119928 270909 87018 111037 35833 82036 183891 75204 12568 171323 13476 4228
internal_count=800303 31762 768541 67072 34607 31378 20710 23483 32465 20654 701469 255775 222189 68773 33586 153416 41822 14765 28324 54008 18014 37613 111594 47269 16395 15572 64325 9947 13498 4818 16122 8279 16403 14101 28488 25818 12633 10668 445694 54857 14377 12718 3859 18523 9440 50998 16314 7263 4307 390837 119928 270909 87018 111037 35833 82036 183891 75204 12568 171323 13476 4228
cat_boundaries=0 5 12 20 23 28 36 44 52 58 66 71 76 80 88 92 100 102 110 118 124 132 140 147 152 160 167 175 183 191 199 207 215 223 231 239 247 251 255 260 268 272 280 284 292 297 305 309 316 320 328 336 344 352 360 368 371 375
cat_threshold=2147483648 8448 32832 1568683544 3759751431 786674 805568519 0 536871168 1050112 2148532736 4194304 134285312 591886 1090520072 33718529 1107296256 201326592 6332449 68157442 98869248 4169678848 2538431 3510634784 595968 134283484 4480 13697037 1644168704 1075839040 536870976 32832 18350082 2688551040 202882 9437217 1375731850 33282 67905728 1081352 33882120 1149239424 4194304 16787472 14163972 536870912 2050 184549504 1079249170 655377 1150320640 262148 0 268697609 0 0 1048576 3584 536870912 2 131072 537395456 16 536870912 2469955996 9848 3758099236 655360 134217860 1409320224 14700558 2560 0 8126464 1560306944 1078804487 137216 266829824 4260757632 15 2416182273 10493952 2147618896 42205442 4210692 16785408 2147549252 88080528 682 4292620288 3221260351 6 16777248 0 2151690240 1089888261 64 1048938 512 33837346 268435479 1 0 2319765280 7305 2147745792 2419114112 64 264196 8192 268435464 4784130 25296896 2181595168 1073745536 92540936 1090521088 36865 285212672 67127584 1062912 71582208 18073737 1073742342 223739930 335591424 5246990 128 2097152 0 777 67108864 536938816 1212154912 973078656 32772 33619984 539558154 16914 512 65539 0 268435456 256 0 0 1024 2560 0 0 1073741824 14680064 10368 3557031984 67108864 132096 16 404816514 576 2117889 0 1166066950 2105344 2168834 262152 411598978 1679368 294913 148 272633860 88145954 2147483712 8400904 34081828 37748753 32768 19169568 20804 205523461 32832 1074004480 536907776 581632 266265 512 17305600 218144770 432 2147483912 134676480 69469189 8652800 77627392 1082130432 33554434 268478464 1611694152 1074176004 2103297 134217728 137494536 71303168 905980440 1082458113 65538 536879104 49283136 553648256 268697601 2290352768 109052224 140 131104 4325388 50364682 131148 32776 202375184 1073774601 1107296256 4743168 543162482 5505024 3221225670 132104 532480 138477576 550175761 32 310394880 33824768 2147500033 271056897 1073741825 2149593600 68681728 3022848 555876354 22544 578822144 318767104 2149646336 1476403232 69633 2189436928 75628802 401408 537766911 2282850824 1082672136 8 201676801 2170851581 2419589888 3 449839104 268589056 219217983 25056 65536 4198690 152055840 2147758336 67109888 2214592514 805315616 320 42009088 3239610450 101266758 2350416650 1 562578944 142606336 1073746952 335545432 548929542 4194304 32768 140289 1345587201 750030915 2497759298 1 3221225472 16918660 1074268253 2101793 536879104 73533440 2048 10248 6620699 2147623168 786448 276830223 273760257 536936512 536871169 1694550041 1073745984 4259840 524832 1179657 397314 151693 1166000128 1415857172 13 541065216 4325568 134217776 268439552 805437509 2348867889 16779905 66005 91583553 1430602752 13 512 819200 1028 8390656 2988573090 9442305 69234720 532480 2228480 8652800 675299328 50364416 32780 16845828 204473368 5308448 272639296 8519680 134348800 786432 1107558406 805312576 16791560 8603648 159514632 80 100663296 1073741892 1057416 738197508 6816000 18909236 135897856 786960 33555712 1140850944 1074790528 41975874 134252612 524288 73408832 1074298914 1 134348808 2187370496 5196 2149582016 8192 2418394811 2182153216 1190936836 1018240272 2281861260 277907465 5
is_linear=0
shrinkage=0.65


Tree=4
num_leaves=63
num_cat=60
split_feature=41 19 19 22 34 22 5 38 19 34 22 41 34 34 41 35 34 34 35 22 34 28 40 34 41 34 35 35 41 7 35 35 34 34 35 35 24 23 35 34 41 35 34 41 35 34 35 34 35 23 24 24 24 22 24 22 41 24 22 22 34 22
split_gain=60.1603 105.75 81.8205 80.9409 71.583 71.1062 63.6758 153.142 100.107 132.102 122.149 104.248 99.0374 94.6003 87.5087 86.9557 86.547 82.8862 75.9093 73.949 72.642 70.7908 87.9038 94.3616 89.0549 93.4144 88.9471 85.0472 83.1315 79.7388 93.8374 84.0976 75.8345 70.1789 75.3073 71.2164 69.672 69.128 84.5591 89.7031 84.1374 75.4328 75.2715 73.0875 71.1675 71.006 82.7625 70.8147 68.4888 68.3546 71.8111 68.2311 67.8499 67.2155 66.3556 66.3322 64.4265 63.8335 63.765 63.6962 63.0204 62.8983
threshold=0 1 2 3 4 5 0.057500001043081291 6 7 8 9 10 11 12 13 14 15 16 17 18 19 20 21 22 23 24 25 26 27 0.12109375000000001 28 29 30 31 32 33 34 35 36 37 38 39 40 41 42 43 44 45 46 47 48 49 50 51 52 53 54 55 56 57 58 59
decision_type=9 9 9 9 9 9 2 9 9 9 9 9 9 9 9 9 9 9 9 9 9 9 9 9 9 9 9 9 9 2 9 9 9 9 9 9 9 9 9 9 9 9 9 9 9 9 9 9 9 9 9 9 9 9 9 9 9 9 9 9 9 9
left_child=1 3 5 -1 -4 -3 7 12 9 -9 17 -12 -2 -13 -14 -15 -11 -10 -19 -18 -16 22 23 51 26 27 -24 -26 49 31 -31 -27 55 34 -30 -35 -20 38 39 -23 41 -40 48 -41 47 46 -42 58 57 50 -25 61 -47 -53 -21 -28 -29 -39 -44 -49 -45 -8
right_child=6 2 4 -5 -6 -7 21 8 10 16 11 13 14 15 20 -17 19 18 36 54 -22 37 24 28 25 29 32 56 33 30 -32 -33 -34 35 -36 -37 -38 42 40 43 45 -43 44 60 -46 52 -48 59 -50 -51 -52 53 -54 -55 -56 -57 -58 -59 -60 -61 -62 -63
leaf_value=0.00037239370240658905 0.016598559786357395 -8.5832595339347848e-05 -0.00074567442131723847 -0.0012032685216422578 0.0002746256083213189 0.0013371703919159222 -0.00229355561951455 0.0052780090527015707 0.010593507205608661 -0.012476060147429541 0.0061705033742824522 0.004400853271525498 -0.0067667982176355451 0.0041218428985638003 -0.0066394592837293208 -0.0017904363892141419 0.0013159700926984603 -0.0042978176798562934 -0.00049135074275701181 0.00024530508856896165 0.0086544031529291986 -0.0013357912949939874 0.0014667664605072946 0.00030370420466160794 -0.0015162439199882581 0.00044730737004570743 -0.00070457983287451501 -0.0014572204385137199 0.0021410339914573694 0.00030681253458383033 -0.00048382062873727919 -0.0001040646747119671 -4.7741610392718001e-05 -0.000658889533950835 0.00055601441319067359 0.00020364059585941749 0.005971533976093877 0.00022469805856936996 -0.0015513590128790977 -0.0011706671236692866 0.0011247820621289976 -0.00015865068024640983 0.00075499103080865109 0.0011677281858296737 -3.0599142228993383e-05 6.1144718185141846e-05 -0.00036600405857386257 0.00085518137825197293 -0.00022300296659544312 -8.9775092976879044e-05 -0.0018085056253396943 -0.0011841078520660631 0.00038705808345261393 0.00030181844033865218 -0.0062381385582751881 0.0021918701952478841 -0.00036051368169081108 -0.0014354964386317315 -0.0010330991802212975 0.0002280402421516556 -0.00012057747280177863 -0.00075029867271114682
leaf_weight=1226 974 1287 3322 2888 52769 2918 795 1025 716 786 1833 2301 806 1753 729 16072 2033 575 1464 1347 5773 1708 1785 777 2577 11944 453 2460 1070 8435 70446 75881 14848 3856 7821 57950 3186 794 1339 1451 1469 7919 797 1302 216176 28606 10561 6152 28652 5604 1785 1957 61212 4322 2963 1101 18628 2058 1859 13199 9741 2067
leaf_count=1226 974 1287 3322 2888 52769 2918 795 1025 716 786 1833 2301 806 1753 729 16072 2033 575 1464 1347 5773 1708 1785 777 2577 11944 453 2460 1070 8435 70446 75881 14848 3856 7821 57950 3186 794 1339 1451 1469 7919 797 1302 216176 28606 10561 6152 28652 5604 1785 1957 61212 4322 2963 1101 18628 2058 1859 13199 9741 2067
internal_value=-0.000280205 0.0187669 0.0256516 -0.0819195 0.0190819 0.112983 -0.0019476 0.0219315 0.00360449 -0.0596987 0.0221231 -0.000266245 0.101567 -0.0138147 0.0753005 -0.0298452 -0.0911146 0.104712 0.0758353 -0.0655625 0.100384 -0.00347859 -0.0110681 0.0061591 -0.0183372 -0.0224891 0.0251085 -0.0606981 0.0134079 -0.0170611 -0.032062 -0.00358944 0.0100585 0.0205822 0.0745423 0.0128069 0.103453 0.00221983 0.014834 -0.0323765 0.0208715 -0.038425 -0.00364165 -0.0132016 0.000308359 0.0262655 -0.0206195 0.0355125 -0.0334941 -0.0486427 -0.136364 -0.0563148 0.032547 -0.018288 -0.113697 0.146105 -0.0470095 -0.129364 -0.0638305 0.0491788 0.00488012 -0.139318
internal_weight=800303 64410 60296 4114 56091 4205 735893 44336 36054 8154 27900 21959 8282 20126 7308 17825 7129 5941 5225 6343 6502 691557 296562 88004 208558 190371 18187 23665 78863 166706 78881 87825 16402 70697 8891 61806 4650 394995 125308 14202 111106 9258 269687 12494 238183 101848 12030 22007 31504 8166 2562 9141 89818 6279 4310 1554 21088 2852 2656 19351 11043 2862
internal_count=800303 64410 60296 4114 56091 4205 735893 44336 36054 8154 27900 21959 8282 20126 7308 17825 7129 5941 5225 6343 6502 691557 296562 88004 208558 190371 18187 23665 78863 166706 78881 87825 16402 70697 8891 61806 4650 394995 125308 14202 111106 9258 269687 12494 238183 101848 12030 22007 31504 8166 2562 9141 89818 6279 4310 1554 21088 2852 2656 19351 11043 2862
cat_boundaries=0 8 15 22 25 33 37 45 52 60 63 71 79 87 95 103 111 119 127 131 139 140 145 153 161 169 177 185 193 201 209 216 224 232 240 243 247 255 263 270 278 286 294 302 310 318 326 334 338 342 346 350 354 358 361 369 373 376 379 387 391
cat_threshold=805896196 133152 2785027664 16386 4195488 205586504 513 16 0 2148532736 2148532224 270548992 1040629992 33595826 1048600 0 130611200 21082136 8392706 25169920 276893700 8256 4080093188 1409335 38850728 8544 64 32832 2148532292 1346766880 0 272764960 1260804 50406932 27926593 1246016781 6 1130444 2288258048 0 0 2147483648 1073741828 270270484 113 0 2097158 177233934 402702372 616611905 16810368 33024 411960600 256 8454272 150994948 1232 393232 135201794 4096 3492806656 526097 54886880 83886112 1078001664 286261376 2449475584 537217600 1082654721 536953856 5248 2147485728 25231360 1081361 2159018256 12586084 268451841 0 1182480 2105356 2281701410 67248160 268568608 8454656 34304 2986346560 102400 2197819394 1160 1074003972 13352 1216348737 33570848 262148 3409924 1057408 328708 16910352 1075839360 1153 73808 134242562 1048865 49154 1644175392 1092757520 952320 1073741824 549453832 32 98848 705167360 16777728 16781324 1091606786 402653440 4195328 16777284 2236425 134219776 134225938 135170 8913027 537003137 2097152 536883456 33554501 929120540 16830470 1241325572 1 403050497 33280 131200 9732 139 201490432 2156397056 10507264 1550 1388314776 656896 260309245 41344 8198 528416 2148009984 553672720 25199137 33572864 16777216 310427651 1800 274448 75768194 1073776768 34111488 262148 16777253 537408512 1049602 17203232 134480384 1376256514 1073741824 2229796896 75513860 538968068 2097344 289965592 384 262246 8 18038786 35651664 270532608 33570944 34816 131848 553650720 2097346 689963138 17891337 1610616832 329728 256 541065296 1739136 201326600 352321792 270540292 612368384 8396801 16928 8552480 1073742852 65536 4194305 627056640 847796224 17319168 75759664 67149825 16859144 68157472 2290090497 2315256832 1048576 100663984 545263880 4204545 2684371970 17301504 268992664 74448900 524546 135528451 150999040 2223768576 1073876992 2105376 69207044 1074135168 1409024 8260 41943664 516 16908288 1319074 2281705480 0 25204752 278592 2147762192 536879622 1073775616 33554946 817889408 34209794 10487296 1671717 553949225 2220190509 2098058 3758098475 1634262805 3 1090519104 1102945 268460104 10241 32768 67174532 536870914 92283010 71303172 1049104 65538 537942096 1090544640 8388736 2147893281 2832 70387712 1151336448 402653193 0 68452359 25174145 1084825608 2773248 0 604537616 2181267520 141312 8192 2153775176 76 167790600 256 135791696 1088503816 536872192 4227072 671105056 34882 138559776 65666 12582912 100697096 134512640 3221770241 536887298 16777257 17042498 278560 335545344 1157627904 336134432 1343258624 151257090 73729 41040 606208064 4460672 72220673 540688 541065472 1092616192 33955840 2215641858 809510928 36 536891394 69206016 557090 79691785 33555488 537198596 2571763720 2684354560 2164260880 1090519040 537395200 2147747922 540704 67371264 1342341312 5121 2147885088 528403 25231488 1064962 16778368 652216528 1775245512 294143744 1 3235944257 1074436666 717226496 8 582173888 218112196 162875459 10 1379960369 2780971045 538334209 11 1557037185 2183802946 1208029520 15 820822248 17040993 269588659 1 2387870257 206156576 2166489672 136445952 2149614080 142610446 69208321 67176960 8538112 269484288 524296 3234596934 1225809928 354586706 3 1113610240 827356170 580356617 3778118668 3355652165 1715675522 524808 295846080 2264176 1442971649 512 133120 32768 33701888 389484560 154148416 545800739 2
is_linear=0
shrinkage=0.65


Tree=5
num_leaves=63
num_cat=54
split_feature=4 19 4 38 38 4 41 41 35 34 38 41 34 34 35 34 21 24 34 24 35 4 19 41 34 34 34 35 35 35 41 21 34 35 24 21 4 4 19 41 38 35 4 38 4 34 34 24 24 19 41 24 24 21 35 24 41 24 24 24 21 34
split_gain=55.1388 357.642 126.984 183.934 115.32 102.71 119.893 100.495 100.248 96.3638 91.6527 89.558 89.7752 87.2037 84.5477 79.9921 78.7612 77.051 76.6839 76.1609 75.3273 73.4677 252.217 105.739 82.703 81.3628 70.9509 67.0884 66.8818 65.708 65.1045 67.4194 73.3668 61.7118 58.9661 58.7401 56.6215 135.82 198.994 122.134 116.702 105.048 92.1805 124.525 110.929 84.4186 64.1988 63.4175 55.4604 55.1509 54.9654 54.4327 53.176 59.4052 53.0145 52.2906 51.9752 49.2405 45.5353 45.262 40.7443 39.8082
threshold=0.0091666667722165602 0 0.015833333600312475 1 2 0.029166666790843013 3 4 5 6 7 8 9 10 11 12 13 14 15 16 17 0.035833332687616355 18 19 20 21 22 23 24 25 26 27 28 29 30 31 0.049166666343808181 0.055833334103226669 32 33 34 35 0.069166667759418501 36 0.075833335518836989 37 38 39 40 41 42 43 44 45 46 47 48 49 50 51 52 53
decision_type=2 9 2 9 9 2 9 9 9 9 9 9 9 9 9 9 1 9 9 9 9 2 9 9 9 9 9 9 9 9 9 1 9 9 9 1 2 2 9 9 9 9 2 9 2 9 9 9 9 9 9 9 9 1 9 9 9 9 9 9 1 9
left_child=1 10 3 14 35 6 20 -5 48 -6 55 57 34 -9 -2 -16 -14 -15 -12 -20 -4 22 24 27 -7 -25 -19 -24 -11 -27 60 59 -33 -28 -13 -3 39 38 46 47 -40 56 43 -39 -44 -43 -38 -23 -8 -29 -26 -22 53 -17 -21 -1 -41 -10 -52 -32 -30 -54
right_child=2 4 5 7 9 21 8 13 11 28 18 12 16 17 15 52 -18 26 19 54 51 36 23 25 50 29 33 49 30 -31 31 32 -34 -35 -36 -37 37 42 40 41 -42 45 44 -45 -46 -47 -48 -49 -50 -51 58 -53 61 -55 -56 -57 -58 -59 -60 -61 -62 -63
leaf_value=0.0014373724886444341 -0.0019397505353728345 -0.005394999676742218 0.0017042067210186764 0.0048232749040323765 0.0012314470240022116 0.0025718260396091416 -1.448226131603636e-05 0.0055899179485750959 -0.0011197537275035993 -0.011006944314690542 -0.0060440544322838373 0.00036778934887053461 0.0010359426339010508 -0.003826123298217693 -0.0012229739584552631 -0.0024611341512271907 -0.0013482087864071218 -0.0059039850395687064 -0.0020749550663473689 -0.0013560341280170367 -0.0012342714002425547 -0.00012866916125059321 -0.0008537811253634687 -0.0030370564627762698 0.00031642908612698425 -0.0025400743183056837 -0.0030414095383430994 0.0012997237378777639 0.0068554066681218388 0.0034675053511364069 -0.0031875184308735073 -0.0093348913518382075 -0.0035800265058243941 0.0022997420741089564 -0.0054068551573463203 0.0067168840186058176 0.0025360643873192346 -0.0021638054370196457 0.0043732995873012872 0.00097807694751390569 0.00088854632728815647 -0.0029654001364150168 0.0012766260319478423 -3.7874861064240119e-06 2.3532993385267375e-06 0.00033648314745631148 -0.0020447556907962393 -0.0057800337088016063 -0.0059702630166769133 0.0071919940676080799 -0.00091822157971556363 -0.0076405190942812314 0.0021683006967524402 0.0072158052388360625 0.0057069034951380245 0.011159586409116148 -0.0046140665578141421 0.0047536612924707015 -0.0052061568181129983 -0.011457479679363697 -0.0022993713816548259 0.0091909341856438766
leaf_weight=551 439 682 526 1078 939 533 539 550 453 890 543 646 6746 1725 417 329 8162 579 1090 540 583 677 319 541 707 545 696 413 207 4280 328 570 3905 2619 1529 1049 425 9035 4567 543 3729 1991 11055 12899 671693 16076 2389 1594 1186 1703 684 1562 307 703 1972 1289 1588 1259 1502 994 577 2056
leaf_count=551 439 682 526 1078 939 533 539 550 453 890 543 646 6746 1725 417 329 8162 579 1090 540 583 677 319 541 707 545 696 413 207 4280 328 570 3905 2619 1529 1049 425 9035 4567 543 3729 1991 11055 12899 671693 16076 2389 1594 1186 1703 684 1562 307 703 1972 1289 1588 1259 1502 994 577 2056
internal_value=-0.000182742 -0.0378038 0.000591 0.0683913 -0.1121 -0.000418089 -0.0430194 0.00528305 -0.0260861 -0.143553 0.088119 -0.0122694 -0.0265019 -0.026816 0.175498 0.206694 -0.00845172 -0.0511365 0.0342434 0.0687049 -0.172251 0.000900212 0.0530813 0.117554 -0.0937754 0.0662327 -0.000332738 0.229771 -0.168255 0.0931258 -0.145025 -0.16885 -0.129942 0.0365343 -0.149497 0.0406481 0.000106533 0.00111512 0.0724172 -0.0320213 0.12299 -0.0158882 -9.22353e-06 -0.0414843 0.00132332 0.000251655 -0.0768222 -0.174529 -0.175504 0.271851 -0.13716 -0.22631 0.239815 0.113314 0.130824 0.208477 -0.15196 0.128944 -0.18808 -0.298201 0.0310297 0.29421
internal_weight=800303 16126 784177 11498 10141 772679 23191 7247 20520 8410 5985 18795 17083 6169 4251 3812 14908 5619 4145 3602 2671 749488 11227 7801 3426 5366 3894 2435 7471 4825 6581 5797 4475 3315 2175 1731 738261 715792 11110 22469 8296 20198 704682 21934 682748 18067 2814 2271 1725 2116 2893 2145 3395 1032 2512 1840 2131 1712 2186 1322 784 2363
internal_count=800303 16126 784177 11498 10141 772679 23191 7247 20520 8410 5985 18795 17083 6169 4251 3812 14908 5619 4145 3602 2671 749488 11227 7801 3426 5366 3894 2435 7471 4825 6581 5797 4475 3315 2175 1731 738261 715792 11110 22469 8296 20198 704682 21934 682748 18067 2814 2271 1725 2116 2893 2145 3395 1032 2512 1840 2131 1712 2186 1322 784 2363
cat_boundaries=0 6 14 22 30 38 46 54 62 70 78 86 94 102 104 108 116 120 128 135 143 151 159 167 175 183 191 199 201 209 217 221 223 230 238 246 254 262 270 278 282 286 293 301 305 309 311 319 323 330 334 338 342 344 352
cat_threshold=589952 121671695 2172749841 67183618 268443664 1073807376 822090496 18466 1259712 67108864 8 1073741824 2164263052 561 134222464 262144 1120384 1140859392 268435456 32 2099212 8769 1179682 2147493897 34064 40 6291456 16909856 8519698 77856770 2290089986 268476544 591888 1179714 1073777920 2415919104 528640 67145792 0 2149073028 180226 75628544 2214592520 1115816736 1225261058 1085440 268962352 12584962 403308560 3543040 67633152 12 65536 2070 134358600 272630032 1123392 604012800 131073 2 2164541440 1096 671105024 6356992 67108928 8836 1342212100 1074004164 1375995265 524288 271582208 27525632 1208320256 4608 1073905664 2097156 1092616208 2556544 8421394 2147483648 1074790562 41960464 131073 536870912 3506442880 33556736 3525321216 268566532 17408 2097152 1342310402 4456484 33562704 33555072 38011141 0 33619984 2689597440 142612010 264265 262144 4456448 385274992 1886691668 966033698 140584064 111202240 1 130 25698432 17072216 1052736 262148 135399568 2692759562 2 2309342530 584057856 2706640160 4 3221291085 262729 69222400 2152284176 36 18440 131136 50331712 0 1073755663 234979368 167773288 2052 8392704 65856 32 2181177344 32768 148897878 16785728 335546432 131084 12591584 25444353 1342185480 16908337 3221226504 524288 33759360 33558532 1085984 3162176 4194305 2147516416 612386 268435456 407110144 1228933120 16809984 525376 121766440 67133448 268571457 2164785280 2151677952 0 4194304 268436482 2048 33554434 83984416 32780 25088 33559072 2099202 0 1082130464 3149952 138434626 2147684874 8392704 8519682 2097160 33982464 535552 4194304 1073741888 262244 67108864 197400 16818181 1074402433 268435520 2150105088 1627422752 16797698 33816640 33554432 35682816 3433088192 3221538368 20481 2147537168 536936456 541074432 545456135 1026 1073741824 524321 1208225796 201327629 2686976064 1572936 20979712 8456 71303424 65632 2274643458 415236741 2437153827 1 1309545502 323147301 0 2181040141 134244373 419602480 37748800 16785448 24576 16385 536873096 430656 0 337641472 100749952 131172 8651792 1895897856 335807010 1118216 4227072 32904 0 17336588 1 4720960 9961744 545259648 536875008 2147745856 1208025376 1092616200 1537 1895827464 2151679026 1190016 2147508736 34817 1610612736 2654468 512 277480000 2415919184 2214592640 159420674 1048640 2048 1073942656 66112 2147516432 136710144 266784 71827456 540022784 75522 33554432 32768 224986208 2371371304 8978553 10 2327838881 746653128 2164491817 14 0 60293120 2148541952 25241600 125837320 1073742016 57508 1073741888 672137216 8651360 1082657024 541952 2147483649 306184192 4202752 1321943568 1342464130 2842822688 2 1280921604 4167041413 557990689 8 3292807233 1145390148 2282422280 356515968 34865344 2147483665 1082138624 67133448 541066240 16 1226868034 692195859 3540709 8 25198722 134320130 65572 383255960 1096 0 37748752 3257574032 2183168008 75630626 11 21792132 1850691 104879190 12 1644232848 2190246084 405799684 14 171311363 137404417 1075881984 128 17301504 16 1681983744 549120 149536 33554433
is_linear=0
shrinkage=0.65


Tree=6
num_leaves=63
num_cat=62
split_feature=34 41 35 23 35 22 24 24 23 23 24 24 23 41 35 22 35 35 41 22 41 22 23 41 22 35 19 22 24 23 22 22 24 24 23 21 35 34 41 22 41 23 34 22 24 23 34 34 41 35 24 34 41 35 41 24 22 35 24 35 34 22
split_gain=44.6513 87.4313 76.9393 80.3938 69.0639 67.1796 65.0666 64.0319 68.7647 63.427 60.5104 59.2006 67.4192 78.5927 80.3954 67.4634 66.2776 65.9717 64.9358 64.8827 64.783 65.2282 67.2149 65.5607 64.6603 57.9204 57.3399 54.7762 54.3593 54.299 52.811 51.9151 53.5831 50.559 49.6362 44.881 67.3331 80.3047 75.3472 83.1428 71.5949 71.0432 81.5424 68.057 66.714 65.6987 82.4878 75.062 80.172 75.5678 74.2243 87.6246 86.5113 70.5658 69.102 67.5638 65.3165 64.9931 62.1021 61.5242 80.576 65.1864
threshold=0 1 2 3 4 5 6 7 8 9 10 11 12 13 14 15 16 17 18 19 20 21 22 23 24 25 26 27 28 29 30 31 32 33 34 35 36 37 38 39 40 41 42 43 44 45 46 47 48 49 50 51 52 53 54 55 56 57 58 59 60 61
decision_type=9 9 9 9 9 9 9 9 9 9 9 9 9 9 9 9 9 9 9 9 9 9 9 9 9 9 9 9 9 9 9 9 9 9 9 1 9 9 9 9 9 9 9 9 9 9 9 9 9 9 9 9 9 9 9 9 9 9 9 9 9 9
left_child=1 2 28 6 5 9 -4 8 -7 -3 -11 16 13 15 33 -13 27 19 25 -14 30 23 -23 -22 -20 -19 -16 -6 -1 -9 -18 -5 -33 -15 -21 36 37 -2 39 -39 41 43 -43 44 -38 47 53 48 -42 -50 51 -49 -52 55 -55 -47 -44 -58 -45 60 -48 -61
right_child=35 4 3 31 11 7 -8 29 -10 10 -12 12 17 14 26 -17 20 18 24 34 21 22 -24 -25 -26 -27 -28 -29 -30 -31 -32 32 -34 -35 -36 -37 40 38 -40 -41 45 42 56 58 -46 46 59 50 49 -51 52 -53 -54 54 -56 -57 57 -59 -60 61 -62 -63
leaf_value=0.0011838713861590331 -0.0011974076696846523 -0.002726176159659957 -0.0013309366517375916 0.00057312720899604886 -0.00016408719704506079 -0.0010671186092504126 0.00067226485889635898 0.00055857385258406751 0.0017031089267484476 0.0014125787964040331 -0.0013640678188113862 0.0005365427494417066 -0.00033725234013385816 0.0024129236052306338 -0.0012393284668344479 -0.0019435233307173879 -0.0025862561225747224 0.0018054697694594979 -0.00044851085610482516 0.00040316337701390979 0.0011073902487677323 0.0010108835104435971 0.00026572119791662012 -0.00042484966607868264 0.00015595184847739922 0.00037567301362256481 -0.00019491512488380668 0.0015970413517588545 -0.0011598915367737194 -0.0011561707397451096 -0.0001791489843674338 0.00055072380464513723 0.0021377404245483574 0.00022904160067109048 0.0017384276060094727 -6.1790007694330351e-05 -0.0024362965985431752 0.00098328674832782472 -1.0779361631952075e-05 -0.0020515681791095529 0.0016834274201853771 0.0017201012806483248 0.001188345312465657 -0.0007707678511256307 -0.00019896614059700682 -0.0018939023185425396 -0.00066270336631107734 -0.001270552481805916 0.0018525599086734103 -3.0059873861488391e-05 -0.00089665984810500838 -0.00033980912799385163 4.618569777174529e-05 -0.00078453801799773762 0.00066032829288626685 0.0002006195364137338 0.0015769437249363925 -0.00015139433891914165 0.00082840283751969086 0.00022909834614107371 0.00052493041394290117 -9.4830326690641497e-05
leaf_weight=555 3560 805 763 1579 791 526 1634 1051 1131 447 1170 533 1243 565 1402 1317 523 918 10288 1354 1207 5166 11010 6526 22373 3149 14663 1927 1256 2405 1334 1067 2417 887 1487 412140 658 543 22704 1602 1452 2001 3562 1356 1238 759 2320 3534 938 7958 4380 17430 39804 1351 18887 1728 1423 6075 2925 37503 15638 81365
leaf_count=555 3560 805 763 1579 791 526 1634 1051 1131 447 1170 533 1243 565 1402 1317 523 918 10288 1354 1207 5166 11010 6526 22373 3149 14663 1927 1256 2405 1334 1067 2417 887 1487 412140 658 543 22704 1602 1452 2001 3562 1356 1238 759 2320 3534 938 7958 4380 17430 39804 1351 18887 1728 1423 6075 2925 37503 15638 81365
internal_value=-9.34015e-05 0.0123676 0.0726112 0.10178 0.00655337 -0.0531403 0.00350754 -0.0107804 0.0938584 -0.142071 -0.0666358 0.0116329 7.55873e-05 -0.0314954 -0.0179845 -0.158485 0.0360401 0.0150622 0.00633369 0.0933105 0.0258205 0.034917 0.0583827 -0.0141833 -0.00332231 0.0836601 -0.0312527 0.132381 -0.0474217 -0.0611014 -0.0907703 0.148187 0.19262 0.127869 0.147406 -0.00198504 0.00432251 -0.0256835 -0.0125759 -0.128674 0.00767587 0.045787 0.0729404 -0.0116577 -0.113784 0.00455439 0.0120294 -0.0112425 0.0401544 0.0169286 -0.0194122 -0.0512538 -0.0042945 0.0482847 0.0609876 -0.0548818 0.0509573 0.0164447 0.0337642 0.00600418 0.0414524 0.000645186
internal_weight=800303 105469 9271 7460 96198 7535 2397 5113 1657 2422 1617 88663 60179 19367 17517 1850 28484 40812 36728 4084 25766 23909 16176 7733 32661 4067 16065 2718 1811 3456 1857 5063 3484 1452 2841 694834 282694 28409 24849 2145 254285 19238 13061 6177 1896 235047 159551 75496 10348 8896 65148 20964 44184 22725 20238 2487 11060 7498 4281 136826 17958 118868
internal_count=800303 105469 9271 7460 96198 7535 2397 5113 1657 2422 1617 88663 60179 19367 17517 1850 28484 40812 36728 4084 25766 23909 16176 7733 32661 4067 16065 2718 1811 3456 1857 5063 3484 1452 2841 694834 282694 28409 24849 2145 254285 19238 13061 6177 1896 235047 159551 75496 10348 8896 65148 20964 44184 22725 20238 2487 11060 7498 4281 136826 17958 118868
cat_boundaries=0 8 16 24 28 36 40 44 48 51 55 59 63 67 75 83 87 95 103 111 115 123 126 130 138 142 150 157 160 164 168 171 175 179 183 187 189 197 205 213 217 225 229 237 241 245 249 257 265 273 281 285 293 301 309 317 321 324 332 335 343 351 355
cat_threshold=34087424 570425478 1073742336 2147549184 335618048 2282766472 67691528 9216 302055424 1048608 805700640 402653696 1835525 545259528 276832520 529424 352321744 16896 33554816 2297857 67147777 4276244 2102288 520 846299556 34996440 1627671956 8 1024 294976 4194304 2157379712 2153381888 25166081 268501504 13502560 486559940 156658498 2449477747 1 2022721542 2965399049 302647809 6 3087838225 397554 2635677984 4 4228940437 42533388 2295007247 722738860 1545880068 136381524 10 495110656 303042128 75711136 9 2449648261 9461803 882159792 4 4046856224 898433820 22126720 1 1073756672 259 75497984 2183135232 281026576 2691264 2148172800 65664 35651585 33619984 17825800 37754882 1538 4259872 1082130689 102859520 2283341584 356918640 731180 1 1120512 274792448 268449793 8960 67125248 100870 545523716 8192 4198400 3222298624 301989896 134218816 8394690 206569488 131088 1082370 1073741828 134496258 201331204 3670057 75498624 169869504 84033538 256 563242063 109057088 630074880 4 32 383778816 1145045008 2147750016 32768 33595424 85006400 12582914 3288401361 1362242057 1691223170 1082267754 1627439108 3140178768 1 2281702408 134238474 16797696 2097440 8389696 3221230084 4358146 33595392 1631274008 1750073445 2558595168 13 67141769 159908993 1151361025 526338 67584 13312 2147488000 16777232 0 2183708928 16786436 8389648 293900372 852100 753664 80225984 292063776 362874937 883361808 2415993200 2987664773 2 1350967299 854469 1292731484 3 839585932 539656448 1105886288 2955151628 404281448 1946434690 2 3225583672 2603615115 114557316 8 87621984 2466779988 2181120008 1 248091024 3391112290 806094342 10 895234633 2154326302 33816576 2147508225 2147486824 168300544 2097170 134250497 1140981826 1384450 1889533962 196608 538969092 69468240 671219852 1346895872 8388640 4097 2236420 167842048 266240 2684355072 704644628 134217728 1073825280 39862273 8781968 10996266 709640720 4 4204548 34078881 83889152 2147483680 671171632 169083992 1048576 2048 1615893760 1804091404 65070161 3 83902464 269107217 805652737 1082138624 541184 524288 262146 786528 2551657504 542319140 1143034507 2 3660633433 201331977 2281840647 2 512369794 3446904 738797585 9 1140850752 150995200 336593152 268566548 135266304 2103329 2147487888 76564737 1249290 2099232 17041409 1443905 33556544 536904256 2097152 17043588 134873600 3623886912 2147622912 33554432 2415927304 2150170628 2147493888 35651653 2281717760 65536 32768 1430266248 0 2701852676 2299011072 136708 1691050400 2184765056 547619456 8 2164261908 320 67149824 536903680 553648416 1126248448 16908404 67109152 1611153920 1073741900 1073741906 273156168 2147483649 545259776 67149824 18944002 0 985168 2367488 2147516480 4194308 262688 3087040517 58884352 268435728 3498049544 306200592 1 2157084672 4260480 1611210752 131072 2013528141 3092381963 269157390 9 2553319172 4113565696 3255911211 33826 16781328 71041024 2150695940 397313 16783888 0 67239956 1108479573 589568515 555356266 134349824 269550624 34344961 8388608 167780612 2157052160 10498052 557064 32784 557088 2192326688 1207992834 526082 66048 1476526081 36864 310379658 1150313052 2460009117 1
is_linear=0
shrinkage=0.65


Tree=7
num_leaves=63
num_cat=60
split_feature=38 22 41 41 34 34 41 41 41 24 41 34 24 34 24 34 34 22 38 5 22 20 19 22 3 34 38 34 34 41 41 34 34 41 38 21 39 39 41 41 34 41 21 34 41 34 41 22 34 20 22 40 34 22 34 41 34 41 41 41 34 41
split_gain=41.7167 110.33 101.532 91.5397 84.8293 82.151 70.1363 68.6312 65.2286 67.6321 78.6334 68.4102 64.1814 62.7071 61.7607 61.5803 59.8516 58.8799 214.676 161.674 282.177 239.891 168.781 155.724 152.62 112.398 109.837 103.074 100.307 99.2177 98.2712 95.6764 94.4329 101.044 93.2542 164.329 150.017 149.438 96.0925 95.2242 91.728 87.9492 84.2616 85.8419 83.3771 82.159 81.238 80.9042 92.7559 80.3057 123.796 118.697 107.355 97.613 92.2527 91.996 89.4445 88.7871 79.6145 79.0256 78.8868 78.8808
threshold=0 1 2 3 4 5 6 7 8 9 10 11 12 13 14 15 16 17 18 0.37749999761581426 19 20 21 22 0.020833333022892479 23 24 25 26 27 28 29 30 31 32 33 34 35 36 37 38 39 40 41 42 43 44 45 46 47 48 49 50 51 52 53 54 55 56 57 58 59
decision_type=9 9 9 9 9 9 9 9 9 9 9 9 9 9 9 9 9 9 9 2 9 9 9 9 2 9 9 9 9 9 9 9 9 9 9 1 9 9 9 9 9 9 1 9 9 9 9 9 9 9 9 9 9 9 9 9 9 9 9 9 9 9
left_child=1 2 -1 14 -4 6 12 -7 16 10 -10 -12 -5 -9 -3 -11 -6 18 23 20 26 22 27 40 -24 -21 31 -22 -28 -27 -25 -20 -23 -34 35 37 39 44 -39 -37 -2 -31 43 -36 -19 -32 -42 -46 -49 50 51 55 -52 56 -53 -44 -51 -55 -38 -58 -43 -45
right_child=17 3 4 5 8 7 -8 13 9 15 11 -13 -14 -15 -16 -17 -18 34 19 25 21 32 24 30 -26 29 28 -29 -30 41 45 -33 33 -35 42 36 58 38 -40 -41 46 60 49 61 47 -47 -48 48 -50 53 52 54 -54 57 -56 -57 59 -59 -60 -61 -62 -63
leaf_value=-0.0013945166646757807 0.0014909020815092886 -0.0018649255313965035 0.0004431571990439814 -5.4687168887035223e-05 -0.0020993078464415296 0.00061648002990817097 0.00035687302483360176 -0.00062237153451819591 0.00091110504089338801 -0.00086312657610333201 -0.0020284318971592751 -0.00055097723707460715 0.0018443219465234563 1.2094212896626382e-05 -0.00035158023928436103 7.4790995378669117e-05 -0.00069692988034753814 0.0018794376176251909 -0.001421140507169982 -0.00054208470851789862 -0.0017110039909193698 0.0017391665637956917 0.00042579903692260373 -0.0026387248179335792 0.0019996777906803702 -0.0007548974904780111 -0.0016730795437852682 0.00069162466935889432 -0.00012399266161459155 0.00082590895780200392 -0.0016750511673389579 0.00079370318988588435 -0.0017174267859175537 0.00030204511502638634 0.00020198565926283327 0.00088955254662523211 0.0017674065498622922 0.001452167081247462 -0.00014806621177050256 -0.0006292599466276444 -0.0017279289209067724 0.00048531095256002069 0.0023820674575795015 -0.00073891257929282529 0.00083918232758396121 -0.00039344446391461783 0.00018618939757189469 0.0015683008047510537 -4.9788239737279926e-05 0.0008359616932954243 0.00094110740470249022 0.00028798374439282197 3.8184459081379654e-05 -0.00065658926607719311 -0.00062180832731043706 0.00010841466896087311 -0.0016699402488049193 0.00034687991398671159 0.00016896574830266601 -0.00021254370325710025 -4.6631011058917658e-05 -0.00016878515956573632
leaf_weight=3386 1989 1676 5129 667 872 6363 9280 8347 924 2727 1224 8518 1624 70544 3665 20132 6011 2928 1232 5265 959 2987 3410 1784 17519 2633 3454 5324 26351 2106 2953 12409 1833 21328 22988 2043 1869 2014 24511 25596 1192 5557 697 10339 20173 20550 14981 1774 11857 2247 4639 4582 34236 2786 30258 8942 1322 56763 19309 14767 33005 153753
leaf_count=3386 1989 1676 5129 667 872 6363 9280 8347 924 2727 1224 8518 1624 70544 3665 20132 6011 2928 1232 5265 959 2987 3410 1784 17519 2633 3454 5324 26351 2106 2953 12409 1833 21328 22988 2043 1869 2014 24511 25596 1192 5557 697 10339 20173 20550 14981 1774 11857 2247 4639 4582 34236 2786 30258 8942 1322 56763 19309 14767 33005 153753
internal_value=5.2792e-05 -0.00967465 -0.0350536 0.00248096 -0.0269567 0.00705463 0.0584175 7.62282e-05 -0.0369545 -0.0250991 -0.0678123 -0.0850317 0.16003 -0.0051652 -0.0802633 -0.00514405 -0.094554 0.00231676 0.0119823 0.0239641 0.0393191 0.0709773 0.113697 -0.0281022 0.141758 -0.00663811 0.000418788 0.020135 -0.0216906 0.004277 -0.0610716 0.0487036 0.026487 0.0124261 -0.00164757 0.0146602 -0.0136712 0.0365226 -0.000661329 -0.0452045 0.0178111 0.0122075 -0.00689502 -0.0162802 0.0633654 -0.0498384 0.00156624 0.0542051 0.0154841 0.0039947 -0.0100269 -0.0334416 0.0167652 0.0190001 -0.0511018 0.0303751 -0.0224602 0.0317683 0.0274846 -0.0394416 0.00512261 -0.0214919
internal_weight=800303 151089 48923 102166 45537 96825 11571 85254 40408 33525 10666 9742 2291 78891 5341 22859 6883 649214 188821 145372 96806 53360 27212 43449 20929 48566 43446 6283 29805 43301 25287 13641 26148 23161 460393 112074 48817 63257 26525 27639 18162 40668 348319 187080 36732 23503 16173 33804 13631 161239 83354 44479 38875 77885 34840 9639 18336 59549 21178 16089 38562 164092
internal_count=800303 151089 48923 102166 45537 96825 11571 85254 40408 33525 10666 9742 2291 78891 5341 22859 6883 649214 188821 145372 96806 53360 27212 43449 20929 48566 43446 6283 29805 43301 25287 13641 26148 23161 460393 112074 48817 63257 26525 27639 18162 40668 348319 187080 36732 23503 16173 33804 13631 161239 83354 44479 38875 77885 34840 9639 18336 59549 21178 16089 38562 164092
cat_boundaries=0 8 11 19 27 35 43 51 59 67 70 78 86 89 97 101 109 117 120 128 131 132 139 142 150 157 165 173 181 189 197 205 213 221 223 228 233 240 248 256 264 266 274 282 290 298 301 309 310 314 319 327 330 338 346 354 362 370 378 386 394
cat_threshold=135267328 402687508 74817 33820928 2147631112 536870980 268452112 520 3490618368 335546431 67501381 545407488 4718976 1082655248 87293952 75505664 537397508 35684608 128 539402240 32 1352663048 8661568 134226016 2360326 65792 1114116 34638720 1082163304 268435456 34605056 1048584 100663296 33568002 92274721 131080 196609 302057000 805470208 268698112 117448704 2160329732 33554444 2152730624 2415958080 83886080 1410859040 8404992 139265 134225945 67272832 269484288 83894280 587472912 16384 1082136576 3272081920 525956 8392706 64 3221225472 2835349768 33587232 18071648 331776 2281971744 3280896 383790658 1247070242 42058060 5505024 131089 67207296 2155872386 4060611474 0 67174464 17072192 3 16 536939792 201523744 2473988 295425 2281799681 512 1904758805 419741701 71093261 7352560 16828432 1050626 1580033 32 64 805306368 6816128 1547714602 723081 345803186 7 8929298 3146368 542114816 538968576 1344275457 524288 83904520 38797316 0 73402372 295952 8392704 2181566466 41088 74451104 2621976 3556918336 1049199 272956613 8519748 2221164800 131080 0 134217728 1073741824 52199552 9329 335692864 1049088 272891909 160 65536 1140860943 134299153 25166849 570441728 604127248 1064960 335676480 1049088 272891909 1722434 536870912 1140883456 268632104 16797826 3254780164 1074266112 17891330 8448 33554432 4096 3825730048 19991697 2 2099204 16778562 2181039618 264195 134217730 570425344 17843264 2147813408 148736 1140850688 268451840 1879072768 136577024 2623489 33693828 159746068 4194816 2147627525 3211296 1051664 369098754 0 3556770340 1073758465 8192 2052 20480 1610686464 4128 3222085633 136848532 1075855360 67436544 1342447722 8388608 16384 1077936132 136513537 268697616 3229630604 131328 8700416 8192 50401280 2684432896 134348929 1073741828 201851080 5312512 1518403608 3357541376 805309440 2147483904 24576 1342448736 2097664 8192 139456 2221162752 131080 2147500032 134217744 1073741824 54296708 9265 822018346 1107231230 69469283 268435456 4194376 1090528788 1074594048 2233795139 268468544 4194312 1090530832 786688 8324 553655328 277005024 17862738 2121728 4198404 1 2885812352 524296 768 4196608 2148794641 539035653 2147485968 16785408 65 4096 34082816 2152740356 9 260116512 25333762 131584 134217744 541761 4194308 2147502080 2147598400 134759440 70256676 4587520 2175729957 1677656303 3223326720 202506240 3238003204 608182280 2223129376 2 67635204 33554432 82224 536871061 1083244544 274727200 16769 537395492 16777248 1048640 2147491840 2416459776 1166083088 8280 1077937664 268832768 576 565258 75497472 42205184 524288 1225261089 822084608 36306960 872423938 434192 731907007 4171401472 16777274 705200130 3539995664 285212738 8192 2101313 136316930 1073741840 98 168 1121061 267124736 2855993378 11 2701135109 589824 184811704 1157691536 5242883 68157524 37749760 1753253888 67371024 335545345 2097664 268781568 265224 26214548 4026771728 16843546 536870918 2177 100663300 1076175360 67633408 50593808 67133440 75574274 578813956 16777473 67108864 1107861522 32776 2684370976 11010061 1024 0 2298527744 402685952 10508305 2147750160 33556480 2155905090 51126272 268453952 1048577 33554624 134504704 268435469 1119896832 1073742856 6823936 2 1073893634 807240 536903684 412090372 6586658 2 67109120 1078002336 570573344 2181169408 536887808 1073874960 33587201 277348368 6 327680 419430720 38283328 512 538969104 680002656 268435552 4587584 805316624 371196932 8405248 3221274624 538726400 2101314 276 2097152
is_linear=0
shrinkage=0.65


end of trees

feature_importances:
Column_34=101
Column_41=86
Column_35=62
Column_22=41
Column_24=34
Column_38=24
Column_19=19
Column_3=18
Column_23=17
Column_39=15
Column_8=11
Column_21=10
Column_40=10
Column_4=9
Column_25=8
Column_5=7
Column_7=5
Column_18=4
Column_0=3
Column_1=3
Column_20=3
Column_6=2
Column_26=2
Column_28=1
Column_31=1

parameters:
[boosting: gbdt]
[objective: regression_l1]
[metric: l1]
[tree_learner: serial]
[device_type: cpu]
[data_sample_strategy: bagging]
[data: ]
[valid: ]
[num_iterations: 8]
[learning_rate: 0.65]
[num_leaves: 63]
[num_threads: 1]
[seed: 222279557]
[deterministic: 1]
[force_col_wise: 1]
[force_row_wise: 0]
[histogram_pool_size: -1]
[max_depth: 8]
[min_data_in_leaf: 60]
[min_sum_hessian_in_leaf: 0.001]
[bagging_fraction: 1]
[pos_bagging_fraction: 1]
[neg_bagging_fraction: 1]
[bagging_freq: 0]
[bagging_seed: 27615]
[bagging_by_query: 0]
[feature_fraction: 0.9]
[feature_fraction_bynode: 1]
[feature_fraction_seed: 17026]
[extra_trees: 0]
[extra_seed: 9756]
[early_stopping_round: 0]
[early_stopping_min_delta: 0]
[first_metric_only: 0]
[max_delta_step: 0]
[lambda_l1: 0.0005]
[lambda_l2: 2]
[linear_lambda: 0]
[min_gain_to_split: 0]
[drop_rate: 0.1]
[max_drop: 50]
[skip_drop: 0.5]
[xgboost_dart_mode: 0]
[uniform_drop: 0]
[drop_seed: 6576]
[top_rate: 0.2]
[other_rate: 0.1]
[min_data_per_group: 100]
[max_cat_threshold: 32]
[cat_l2: 10]
[cat_smooth: 10]
[max_cat_to_onehot: 4]
[top_k: 20]
[monotone_constraints: ]
[monotone_constraints_method: basic]
[monotone_penalty: 0]
[feature_contri: ]
[forcedsplits_filename: ]
[refit_decay_rate: 0.9]
[cegb_tradeoff: 1]
[cegb_penalty_split: 0]
[cegb_penalty_feature_lazy: ]
[cegb_penalty_feature_coupled: ]
[path_smooth: 0]
[interaction_constraints: ]
[verbosity: -1]
[saved_feature_importance_type: 0]
[use_quantized_grad: 0]
[num_grad_quant_bins: 4]
[quant_train_renew_leaf: 0]
[stochastic_rounding: 1]
[linear_tree: 0]
[max_bin: 255]
[max_bin_by_feature: ]
[min_data_in_bin: 3]
[bin_construct_sample_cnt: 200000]
[data_random_seed: 27573]
[is_enable_sparse: 1]
[enable_bundle: 1]
[use_missing: 1]
[zero_as_missing: 0]
[feature_pre_filter: 1]
[pre_partition: 0]
[two_round: 0]
[header: 0]
[label_column: ]
[weight_column: ]
[group_column: ]
[ignore_column: ]
[categorical_feature: 18,19,20,21,22,23,24,25,26,27,28,29,30,31,34,35,36,37,38,39,40,41]
[forcedbins_filename: ]
[precise_float_parser: 0]
[parser_config_file: ]
[objective_seed: 14758]
[num_class: 1]
[is_unbalance: 0]
[scale_pos_weight: 1]
[sigmoid: 1]
[boost_from_average: 1]
[reg_sqrt: 0]
[alpha: 0.9]
[fair_c: 1]
[poisson_max_delta_step: 0.7]
[tweedie_variance_power: 1.5]
[lambdarank_truncation_level: 30]
[lambdarank_norm: 1]
[label_gain: ]
[lambdarank_position_bias_regularization: 0]
[eval_at: ]
[multi_error_top_k: 1]
[auc_mu_weights: ]
[num_machines: 1]
[local_listen_port: 12400]
[time_out: 120]
[machine_list_filename: ]
[machines: ]
[gpu_platform_id: -1]
[gpu_device_id: -1]
[gpu_device_id_list: ]
[gpu_use_dp: 0]
[num_gpu: 1]

end of parameters

pandas_categorical:null
