tree
version=v4
num_class=1
num_tree_per_iteration=1
label_index=0
max_feature_idx=41
objective=regression_l1
feature_names=Column_0 Column_1 Column_2 Column_3 Column_4 Column_5 Column_6 Column_7 Column_8 Column_9 Column_10 Column_11 Column_12 Column_13 Column_14 Column_15 Column_16 Column_17 Column_18 Column_19 Column_20 Column_21 Column_22 Column_23 Column_24 Column_25 Column_26 Column_27 Column_28 Column_29 Column_30 Column_31 Column_32 Column_33 Column_34 Column_35 Column_36 Column_37 Column_38 Column_39 Column_40 Column_41
feature_infos=[0.014404296875:0.696533203125] [-0.11999999731779099:0.11999999731779099] [-0.11999999731779099:0.11999999731779099] [0:0.11999999731779099] [0:0.11999999731779099] [0:0.11999999731779099] [0:1] [0:0.4609375] [0:1.373046875] [0.014404296875:0.696533203125] none none [0.014404296875:0.696533203125] none none [0.014404296875:0.696533203125] none none -1:6:4:18:2:3:34:16:35:0:17:32:7:1:19:114:92:83:170:70:180:215:193:138:160:191:169:159:50:202:204:33:61:94:192:214:104:60:72:125:103:137:5:181:148:115:213:171:48 -1:34:33:35:32:4:2:3:5:18:6:1:17:0:7:16:19:111:122:55:45:154:63:144:89:87:153:99:100:133:65:73:129:53:64:109:198:75:188:76:196:69:176:131:179:47:56:119:130:167:110:120:195:79:68:132:143:41:67:185:86:58:206:212:91:199:121:168:44:140:200:40:98:189:42:201:124:207:152:107:162:163:177:184:46:88:96:164:80:174:123:183:190:84:135:175:197:43:51:108:128:156:208:77:95:112:118:166:74:113:145:178:102:117:161:210:101:142:54:106:205:57:78:52:134:165:209:187:141:155:146:62:85:97:172:139:173:186:194:151:90:66:157:150 -1:5:8:4:7:3:6:1:2 -1:40:56:24:0:9:48:1:26:32:22:62:8:16:46:20:4:7:58:59:35:47:29:34:31:27:19:61:60:51:14:38:37:55:3:28:10:50:49:2:17:13:15:23:36:21:33:6:12:54:42:25:18:44:11:43:5:57:45:30:41:53:63:39:52 -1:70:72:92:18:9:10:81:2:0:52:68:91:60:20:82:98:19:88:61:90:51:64:99:22:29:15:41:80:12:1:39:71:8:11:78:32:21:5:63:30:89:42:79:49:50:44:76:34:17:85:69:14:38:55:40:28:48:83:87:96:31:59:7:75:62:97:4:58:33:74:45:47:95:25:66:16:77:86:57:13:26:37:6:24:65:94:35:53:67:56:73:84:36:3:23:54:43:93:27 -1:10:4:39:52:58:55:34:43:54:24:41:40:51:31:17:23:19:59:32:20:47:3:14:49:50:28:0:46:6:9:21:16:25:30:42:8:11:33:44:35:7:26:27:45:53:37:57:18:5:92:56:36:48:38:29:76:22:2:13:1:84:63:93:12:15:74:83:87:79:89:90:61:80:69:88:78:60:67:86:66:71:65:97:68:77:81:96:75:91:94:98:95:85:70:82:62:72:73:99 -1:25:46:36:48:42:49:41:55:34:44:15:33:52:12:29:37:43:18:23:57:19:30:56:26:11:40:3:13:71:1:17:21:32:63:58:6:27:9:7:0:31:38:47:5:99:2:45:54:70:24:28:4:39:51:20:16:10:98:82:50:59:53:93:78:69:61:79:22:85:84:8:77:35:97:88:90:94:67:86:89:68:73:81:62:83:87:75:80:72:60:92:66:74:91:95:76:14:65:64 none none -1:0:1 -1:1:2:3:0:4:5:6:7:8:9 -1:1:0:2 -1:7:0:4:6:5:1:2:3 -1:7:4:5:1:3:2:0:6 [0:0.99798387289047241] [0:0.99193549156188965] -1:45:53:39:42:41:46:54:38:51:50:43:55:166:44:40:165:37:31:52:32:163:49:47:174:167:57:33:67:66:56:62:59:65:34:61:58:36:164:30:60:175:173:48:35:177:157:162:168:156:159:63:29:176:158:161:150:155:170:172:64:178:160:169:74:183:68:171:69:28:154:151:152:72:179:26:184:185:75:25:181:76:144:27:73:153:23:182:24:77:78:18:186:148:149:142:71:70:22:21:180:79:143:194:10:9:20:84:83:86:140:193:19:141:11:187:17:85:15:118:80:81:95:145:249:134:227:238:135:87:200:228:13:89:109:190:205:146:188:236:16:88:139:82:201:106:117:1:192:12:206:204:96:189:245:199:14:147:195:244:229:8:119:133:235:110:216:224:191:230:208:240:107:137:120:225:234:2:129:217:209:125:243:7:207:128:0:112:108:116:226:100:124:196:203:202:105:132:136:241:94:97:126:239:197:246:111:127:248:198:250:218:99:223:98:121:5:138:212:215:3:101:214:213:247:220:237:102:211:6:90:231:91:210:232:221:113:130:219:123:122:115:114:131:222:233:93:242:4:103:104 -1:87:86:58:56:57:59:88:85:32:84:172:33:171:89:31:200:199:55:30:141:201:54:4:143:2:71:173:228:5:202:117:142:174:118:115:3:227:140:116:229:70:60:0:28:83:230:72:1:42:61:27:26:29:185:112:43:90:111:197:110:16:100:198:184:101:73:144:186:169:6:34:170:7:41:53:69:145:99:139:66:156:82:113:52:44:213:17:134:146:249:15:212:14:67:250:133:157:214:40:102:35:68:183:155:151:150:225:109:124:187:196:65:152:226:135:132:167:39:18:123:163:162:122:195:219:81:25:168:218:161:180:181:125:190:38:12:80:158:224:153:121:130:179:106:51:95:220:13:49:9:77:78:192:149:208:191:114:11:96:105:126:98:189:240:94:45:10:24:120:188:239:119:203:223:164:204:108:93:131:248:104:19:211:178:207:237:64:247:136:37:127:205:238:50:176:129:193:182:79:8:103:148:128:236:221:74:209:62:154:177:234:206:138:233:36:217:215:147:107:241:46:160:63:159:246:235:21:75:222:76:245:242:175:232:22:97:20:165:23:194:231:216:47:48:243:137:210:166:244:92 -1:16:8:3:7:12:6:4:13:0:9:15:2:11 -1:16:7:8:12:9:3:2:13:6 -1:37:152:28:29:67:33:30:135:24:220:23:118:84:34:27:16:237:143:169:144:20:148:59:58:145:139:63:12:138:149:7:60:127:54:212:142:110:126:211:76:109:53:114:75:131:216:64:57:80:13:228:128:77:111:233:6:229:213:207:50:8:122:71:105:203:125:115:132:206:121:160:217:230:81:224:70:161:104:210:11:9:74:165:108:3:223:162:234:227:2:156:10:155:166:159:17:42:194:195:41:46:199:43:36:47:190:196:40:200:189 -1:160:150:4:148:70:83:124:62:0:22:100:49:147:128:63:24:84:104:142:157:10:18:106:120:110:130:78:129:146:38:109:1:11:43:68:122:126:98:6:156:3:21:82:26:158:16:108:86:67:123:96:99:159:59:119:144:60:85:31:9:5:105:79:136:47:40:45:97 -1:160:25:142:69:103:140:2:23:124:27:104:60:80:87:47:64:89:149:101:111:120:50:30:107:109:71:91:68:88:3:108:110:128:131:51:81:48:129:151:70:28:31:90:148:49:106:8:7:9:130:29:10:4:65:11:100:141:150:0:144:44:24:126:84:122:5:22:41:102:20:145:42:82:67:43:46:66 -1:136:79:116:56:118:45:47:1:44:25:24:7:41:82:230:237:232:106:100:229:250:12:59:188:138:233:122:135:131:3:103:80:226:196:217:15:61:194:160:63:115:134:214:119:129:18:141:142:33:145:73:72:36:69:149:224:70:147:40:239:23:223:200:37:113:6:191:246:65:96:83:26:77:125:27:104:127:85:102:124:235:238:57:64:84:67:105:46:87:5:4:236:227:231:86:126:66:120:60:117:234:43:107:98:0:76:121:20:247:58:78:175:173:210:42:240:97:22:123:249:193:212:245:50:38:137:174:197:166:167:206:241:170:195:62:172:13:19:248:95:176:17:242:185:111:157:177:10:30:215:101:99:209:14:163:222:88:151:207:81:178:93:186:109:139:9:49:154:165:203:228:219:158:243:51:155:8:146:184:204:75:53:91:143:28:180:144:2:130:187:21:183:29:199:221:31:140:159:208:220:89:16:94:179:11:128:192:168:190:132:213:216:244:164:211:189:205:148:198:169:201:152:162:114:153:54:68:171:39:52:225:90:34:71:110:35:133:150:32:156:182:218:74:108:181:55:202:161:48:92
tree_sizes=6956 6940 7720 7172 7809 7870 8021 8116

Tree=0
num_leaves=63
num_cat=43
split_feature=38 5 3 19 38 0 3 20 38 5 22 39 5 5 38 5 0 22 0 32 41 6 21 34 3 34 41 22 41 34 3 22 34 19 41 22 41 19 5 41 34 19 34 34 34 34 23 22 41 34 23 5 23 34 22 22 5 0 5 23 21 23
split_gain=1963.11 864.601 598.766 671.239 381.825 552.488 392.756 362.268 327.279 297.601 287.736 194.076 175.576 158.452 163.631 155.766 228.441 134.982 134.75 128.773 126.543 122.047 116.998 112.587 97.8452 94.3503 90.1265 84.3658 83.6834 82.6292 79.4755 78.1128 76.4328 73.391 72.9341 68.3561 66.7052 66.515 66.4466 66.0437 65.9387 64.2811 69.7305 65.7025 64.0923 63.1911 62.9848 62.4141 55.9221 55.5951 53.795 53.3338 53.036 52.3662 52.0757 52.0312 51.835 71.8428 43.7453 43.3062 42.6859 41.906
threshold=0 0.090833336114883437 0.0091666667722165602 1 2 0.20251464843750003 0.014166666660457851 3 4 0.094166666269302382 5 6 0.070833332836627974 0.094166666269302382 7 0.034166667610406883 0.16149902343750003 8 0.25988769531250006 0.3054435551166535 9 0.14784456789493564 10 11 0.077500000596046462 12 13 14 15 16 0.014166666660457851 17 18 19 20 21 22 23 0.094166666269302382 24 25 26 27 28 29 30 31 32 33 34 35 0.090833336114883437 36 37 38 39 0.052500000223517425 0.29357910156250006 0.094166666269302382 40 41 42
decision_type=9 2 2 9 9 2 2 9 9 2 9 9 2 2 9 2 2 9 2 2 9 2 1 9 2 9 9 9 9 9 2 9 9 9 9 9 9 9 2 9 9 9 9 9 9 9 9 9 9 9 9 2 9 9 9 9 2 2 2 9 1 9
left_child=1 4 3 35 5 6 15 11 25 20 13 -6 56 14 21 16 -1 -13 30 32 -5 -10 -23 -16 -20 38 51 49 -25 33 -14 36 -9 58 -31 -2 -28 -19 47 61 -29 42 -36 -43 -41 -38 -39 -4 -42 -22 -51 54 -35 -37 -27 -34 -7 -58 -12 -49 -61 -33
right_child=2 -3 8 9 7 12 -8 19 10 -11 29 17 18 -15 23 -17 -18 37 24 -21 27 22 -24 28 -26 26 31 40 -30 34 -32 39 55 52 41 53 45 46 -40 44 48 43 -44 -45 -46 -47 -48 59 -50 50 -52 -53 -54 -55 -56 -57 57 -59 -60 60 -62 -63
leaf_value=0.056852898560464382 0.0076470589730888612 0 -0.00096296296105720109 0.0016541153425350785 -0.022490174882113936 -0.098591549694538122 -0.04898815527558327 -0.007142857322469354 -0.001498847093898803 0 0.0063555555883795028 0.0064919255673885345 0.048197734728455545 0 0.0052245409227907663 0.05757256466895342 -0.16250000000000001 -0.0096808513626456261 -0.062083758227527146 -0.0014994232449680566 0.0086666668765246879 0.0082802549004554749 0.003846153896301985 -0.0046010295394808059 0 -0.0006996770564001054 0.0014525139238685369 -0.032686936762183906 0.0013144771626684814 0 -0.011566982604563236 0.0036516854306682944 -0.012340856250375509 0 0.0047560975654050708 0.0078734858892858025 0.00042837724904529754 -0.007142857322469354 0 0 -0.0070060281781479722 0 0 0 0 0 0.0015446244680788368 -0.011658703675493598 -0.023406040482223035 0 -0.023531248234212401 0 0 0 -0.0098934548906981952 -0.020047449320554734 -0.022037736326456069 -0.072630307823419574 0 0 -0.0084243786288425333 0
leaf_weight=426 1441 6895 659 620 452 2249 980 441 1009 2878 1211 1188 139 6573 1082 504 228 725 1474 617 313 5234 4081 891 640 433 833 1162 6418 1599 198 429 970 1366 545 549 744 631 804 1274 720 5508 3271 34970 11487 5103 1422 534 6686 559 1364 656 3060 2656 1179 2511 938 1098 373 328 780 922
leaf_count=426 1441 6895 659 620 452 2249 980 441 1009 2878 1211 1188 139 6573 1082 504 228 725 1474 617 313 5234 4081 891 640 433 833 1162 6418 1599 198 429 970 1366 545 549 744 631 804 1274 720 5508 3271 34970 11487 5103 1422 534 6686 559 1364 656 3060 2656 1179 2511 938 1098 373 328 780 922
internal_value=-0.0446015 -0.211596 -0.0108195 -0.117034 -0.287257 -0.382934 -0.0953737 -0.19176 0.00865342 -0.186681 0.0299477 -0.0588374 -0.474718 0.0867865 0.11731 0.160819 -0.0485513 -0.0122548 -0.335467 -0.320644 -0.233866 0.172059 0.195481 0.0496608 -0.396266 -0.0541563 -0.0397798 -0.25012 0.0205094 0.00224116 0.0460167 -0.0263074 -0.364755 0.0738292 -0.00715063 0.0975418 0.0315675 -0.0906271 -0.160362 -0.0537064 -0.279773 -0.0120886 0.0684299 -0.0196974 -0.0681907 0.00687825 -0.0302178 -0.217043 -0.256039 -0.135609 -0.177028 -0.1625 0.0306106 0.0442492 -0.226735 -0.396736 -0.554175 -0.477772 0.193452 -0.284129 -0.205446 0.0825016
internal_weight=147030 24726 122304 18948 17831 8874 2138 8957 103356 14302 77191 4418 6736 25288 18715 1158 654 3966 2451 4539 11424 10324 9315 8391 2114 26165 23060 10804 7309 51903 337 20792 3922 6010 45893 4646 6680 2778 3105 14112 8568 44294 3816 40478 12761 5847 2053 2301 7406 2236 1923 2268 4426 3205 1612 3481 4285 2036 1584 1642 1108 1351
internal_count=147030 24726 122304 18948 17831 8874 2138 8957 103356 14302 77191 4418 6736 25288 18715 1158 654 3966 2451 4539 11424 10324 9315 8391 2114 26165 23060 10804 7309 51903 337 20792 3922 6010 45893 4646 6680 2778 3105 14112 8568 44294 3816 40478 12761 5847 2053 2301 7406 2236 1923 2268 4426 3205 1612 3481 4285 2036 1584 1642 1108 1351
cat_boundaries=0 8 10 12 13 21 24 25 32 36 44 46 54 62 70 73 81 89 92 100 107 114 117 125 132 140 148 155 163 171 179 187 191 195 203 211 215 218 226 230 233 236 238 242
cat_threshold=1261516 315136 0 0 0 0 2415951880 9841 0 15 1261516 1024 146 0 2589982736 1260617 256 2064 64 54282384 8 4214226944 536871167 5177280 2048 822083584 34 128 3288653824 1146880 39 260 268577499 67175168 4277075968 6 541139520 671746 205529360 264192 1073795104 788550 536871424 4096 4011978724 1644228512 2147488266 65600 537395220 3355447296 524560 698351640 2684354560 532744 76087296 2147483796 10240 35659776 16777220 68292720 2158493794 67108996 2147483776 1073742336 4196354 576513 67129344 32898 626688 40110380 1160250303 192 14942465 536872192 2415919136 13697032 524289 8929281 335544360 1073774596 75563680 36704260 0 4231186 811925648 131672 134742016 538443777 10256 1072169506 4026662979 1126039591 42053632 1375731744 0 67436560 329792 285212672 143958024 2130432 68 9 136316968 67158048 570662976 50692352 139408 536871936 1614872581 83886096 75530248 1074200576 2013266212 1610686472 528516096 2957021293 4019255 218335232 16777474 805307776 8389568 536871936 536870912 2432958465 8454146 589868 101720064 9437185 33570856 436338692 1082425348 8448 469763072 12582922 1138688 2164260996 2415919136 201853704 50331904 1060864 538968064 553648146 151027828 4718592 2282750081 67125504 296128 1048836 0 1074267392 6322706 4207629 8 268902408 1442560 134217728 543164544 8389120 1074802752 641769600 458816 1073743872 2097664 1082474624 2097232 2776630400 2231375936 537233408 264708 0 128 258 8192 266240 17242389 8389424 0 135538693 8651072 167772354 16777248 2147615490 1074135168 32 4719105 138412564 36897 2249015434 3379167280 809571080 7 2775613840 152634432 64110776 8 77594884 262144 2684354626 1646265252 2147483648 285212672 134480024 1081488 1073745920 3225436548 0 2129921 2151713794 276865280 0 100663808 34607285 1916394496 1283721248 12 1142990848 818972274 2722153406 2 545293581 16777228 1612713984 1231093824 96 1 8320 377487888 671096960 160166197 9 31457744 3756926720 536870941 4499140 138866700 2795768204 336102070 2554732708 1778671809 2200142500 2299199576 8
is_linear=0
shrinkage=0.65


Tree=1
num_leaves=63
num_cat=42
split_feature=38 0 5 38 34 22 8 0 0 5 0 3 34 39 34 19 34 22 34 4 34 34 40 34 5 23 22 34 19 40 34 34 3 5 24 19 24 24 23 24 40 19 34 23 19 5 34 0 23 23 23 34 5 6 0 39 39 0 8 38 22 3
split_gain=554.751 265.445 202.581 179.834 116.631 112.751 106.135 201.745 201.255 89.5196 95.2304 91.7256 88.6777 84.2035 83.1692 81.6428 81.0937 76.0754 71.4726 71.2785 70.8315 69.8851 66.9438 94.3018 80.406 66.1187 63.8555 63.2067 58.0155 60.4872 65.9507 63.906 57.8564 55.9682 65.5239 54.4973 51.1968 50.5706 49.9526 49.8198 49.7838 58.9989 50.2174 49.2886 48.2884 51.845 48.0287 47.5305 46.9901 46.7761 46.6845 44.0371 43.569 70.8541 140.45 99.3647 86.1285 64.9642 115.415 86.5564 53.4208 48.3439
threshold=0 0.11315917968750001 0.069166667759418501 1 2 3 0.46484375000000006 0.33410644531250006 0.21252441406250003 0.050833333283662803 0.13903808593750003 0.0075000002980232247 4 5 6 7 8 9 10 0.024166666902601722 11 12 13 14 0.079166665673255934 15 16 17 18 19 20 21 0.040833333507180221 0.094166666269302382 22 23 24 25 26 27 28 29 30 31 32 0.092500001192092909 33 0.25183105468750006 34 35 36 37 0.094166666269302382 0.38397435843944555 0.36486816406250006 38 39 0.28283691406250006 0.32128906250000006 40 41 0.059166666120290763
decision_type=9 2 2 9 9 9 2 2 2 2 2 2 9 9 9 9 9 9 9 2 9 9 9 9 2 9 9 9 9 9 9 9 2 2 9 9 9 9 9 9 9 9 9 9 9 2 9 2 9 9 9 9 2 2 2 9 9 2 2 9 9 2
left_child=2 18 3 6 48 16 8 19 9 10 11 -1 -6 21 33 20 44 37 -2 47 -16 -7 23 -17 -24 -19 -20 -27 39 30 -30 -31 -21 34 43 -36 -33 -14 -32 -18 -23 -42 -43 -15 -3 50 -22 -8 -5 -41 -46 -4 53 57 56 61 -55 59 -59 -53 -61 -56
right_child=1 5 51 4 12 13 7 -9 -10 -11 -12 -13 17 14 15 22 28 25 26 32 46 40 24 -25 -26 27 -28 -29 29 31 38 36 -34 -35 35 -37 -38 -39 -40 49 41 42 -44 -45 45 -47 -48 -49 -50 -51 -52 52 -54 54 55 -57 -58 58 -60 60 -62 -63
leaf_value=0.060388613725081086 0.0076070381305180486 0 0 0.010306617286987604 -0.015350163355469704 0 0.0021549249812960621 -0.024059076830744739 -0.056396044269204137 0.014980362668284213 -0.048999405764043331 -0.04353328916244209 -0.0025907748052850363 0.0011087445198791105 -0.0024862932367250325 -0.0008514870687213261 -0.0039235412608832126 -0.0087425715033896245 -0.011581292096525432 -0.003080208525061608 0 0 0.0024502047160058285 0 0 0.0046455125052307271 -0.047565568336285655 -0.00336764228384709 0 0 -0.00056595656642457472 0 0.021210768036544328 0 -0.0034142352326307448 0.0032129239477217205 0 -0.012775805359706283 0 -0.0019837232423014941 0 0 0 0.0078478785243351005 -0.0021870070765726266 0 0 -0.022199280671775339 0 0 -0.0087209301069378856 0.0080347741163859614 0 0.020649818517267705 -0.033008270272985099 0 0 -0.063320307182148095 -0.003209401268977671 0.0010803916255827063 -0.010079680082853884 -0.0024828402500133963
leaf_weight=175 325 830 1650 311 1349 1680 243 473 1303 298 863 272 696 534 816 1490 809 1832 861 209 911 3007 20446 13207 14793 818 1758 3315 866 3162 2220 5980 304 1958 590 3409 12604 1938 4657 531 818 1246 6408 1220 702 880 4292 215 749 1296 1719 532 6733 523 228 1048 897 391 1486 455 965 734
leaf_count=175 325 830 1650 311 1349 1680 243 473 1303 298 863 272 696 534 816 1490 809 1832 861 209 911 3007 20446 13207 14793 818 1758 3315 866 3162 2220 5980 304 1958 590 3409 12604 1938 4657 531 818 1246 6408 1220 702 880 4292 215 749 1296 1719 532 6733 523 228 1048 897 391 1486 455 965 734
internal_value=-0.0266 -0.00595456 -0.103817 -0.156863 -0.112246 -0.00093692 -0.268663 -0.124965 -0.340731 -0.186522 -0.259603 -0.0159236 -0.134111 0.0131629 0.0229467 0.0142155 -0.0308081 -0.109453 -0.198574 0.0447581 -0.0572293 -0.0341508 0.0228387 -0.0140084 0.038206 -0.0685126 -0.233713 -0.0227382 -0.0197607 -0.0114793 -0.0607672 0.0060943 0.210776 0.0861841 0.118592 0.0719521 -0.00845879 -0.201436 -0.0820873 -0.111933 -0.0159516 0.00957681 0.0273871 0.223046 -0.116413 -0.15166 -0.0290412 -0.141304 0.0921639 -0.051604 -0.201197 -0.0517706 -0.063589 -0.0985608 -0.0306817 -0.141178 0.125703 -0.159319 -0.245609 -0.0761769 -0.159322 -0.290297
internal_weight=147030 116025 31005 15363 11008 113081 4355 1444 2911 1608 1310 447 9948 76825 63666 55955 36256 8599 2944 971 6019 13159 49936 14697 35239 5965 2619 4133 32125 29489 7743 21746 513 7711 5753 3999 18584 2634 6877 2636 11479 8472 7654 1754 4131 3301 5203 458 1060 1827 2421 15642 13992 7259 3430 2010 1420 3829 1877 1952 1420 962
internal_count=147030 116025 31005 15363 11008 113081 4355 1444 2911 1608 1310 447 9948 76825 63666 55955 36256 8599 2944 971 6019 13159 49936 14697 35239 5965 2619 4133 32125 29489 7743 21746 513 7711 5753 3999 18584 2634 6877 2636 11479 8472 7654 1754 4131 3301 5203 458 1060 1827 2421 15642 13992 7259 3430 2010 1420 3829 1877 1952 1420 962
cat_boundaries=0 8 9 17 21 29 34 42 49 57 61 69 77 85 90 98 102 105 113 120 125 133 141 145 152 156 159 163 167 172 179 187 191 198 206 210 214 218 226 231 236 243 247
cat_threshold=1130380 2317355024 8200 0 0 0 35406104 8249 1120644 66 23076960 134221824 8392833 1119879329 536870912 2048 67555392 962681 3338436608 3087007783 10 787616 35389440 262152 151045184 131076 75677736 1212416 41945088 2235632224 402653248 4194328 1090524425 1610874881 74453508 3288465408 34080773 138477573 524352 4751360 704643081 1 65536 8392704 243335168 161490032 340082705 1082663170 512 8523840 671088640 8392768 2231390726 33589249 67115520 4194544 33554560 2147657728 67474813 2818855878 1 4096 622848 25166352 52477956 2189959168 2359296 0 16778304 65568 268447889 2147483656 1048834 1073770502 2113536 67273232 1345536 262144 1119895572 102825984 536873536 1145311553 33554440 402657408 2097154 805308928 268748288 177406079 16838976 5 32768 537137216 6414624 544 4259872 1311744 270548992 42500544 705710922 170674210 2856322186 9 3023045405 3758295425 18564193 134349312 209846280 536969296 33556480 2165248 1476665344 2282230032 40 0 2149597184 50331649 285278320 818026561 25219216 303104 144 268539392 84344847 352380048 9445378 4497444 1572864 0 1745879072 8912904 285220864 553648143 5294084 16777218 17961216 2113568 805699600 4210768 2105344 1502613508 17039392 677937837 671287556 843317470 4 393216 1077938688 2162230274 67239968 67305632 42008584 1482752 1174417414 2202148906 3046204868 8 17648150 169233410 558631177 1611744297 864304326 2168964 13 896051584 201474050 1100489160 6 4181721133 1003520 125829336 67109136 8194 0 75559936 120842 528625728 22 1073881092 8192 4390912 134480896 280580 5259264 135310336 84152448 67698724 41944064 2701137929 316000948 1614987524 2 3 8962052 2286944768 8503304 8388682 34045968 147600 16780544 49216 536875040 536870936 109150736 310379520 2052 525824 1074304 1109199172 874775554 13 2288521472 176377042 119596036 1 240129723 8421378 1700038 2 9046532 4096 134356992 16777475 214040576 1090523136 805572611 41945088 67174402 134217792 0 25165837 2952790016 65536 134217728 0 8388617 2415919105 79492 35651584 0 0 0 0 16384 2723158058 2228265056 1381110086 2
is_linear=0
shrinkage=0.65


Tree=2
num_leaves=63
num_cat=54
split_feature=5 38 19 34 35 38 41 35 34 6 41 19 38 5 35 41 41 34 34 34 34 0 41 35 22 22 35 34 5 35 41 34 22 41 23 22 34 34 22 35 34 23 35 23 0 41 34 5 22 23 41 34 22 1 18 34 22 23 23 23 22 23
split_gain=154.972 288.117 158.29 117.557 115.657 110.829 102.552 95.713 95.3905 91.0898 101.942 95.643 88.9203 108.903 101.137 89.9819 85.8812 95.3324 85.0867 84.6531 82.3028 81.1304 77.6357 74.6796 74.0668 72.6165 71.9554 69.8827 89.4453 67.6595 66.7558 65.5818 65.3153 64.4552 64.4219 64.182 62.8225 61.6033 60.7382 59.5166 59.4284 54.838 53.9399 53.8084 52.9069 83.0755 81.1142 63.3117 59.4795 53.9519 53.7083 51.9049 47.3959 46.1369 85.0539 49.0568 44.9646 42.8097 42.3701 42.022 39.9897 39.7882
threshold=0.032500000670552261 0 1 2 3 4 5 6 7 0.13819628953933719 8 9 10 0.092500001192092909 11 12 13 14 15 16 17 0.22839355468750003 18 19 20 21 22 23 0.094166666269302382 24 25 26 27 28 29 30 31 32 33 34 35 36 37 38 0.25183105468750006 39 40 0.055833334103226669 41 42 43 44 45 0.015833333600312475 46 47 48 49 50 51 52 53
decision_type=2 9 9 9 9 9 9 9 9 2 9 9 9 2 9 9 9 9 9 9 9 2 9 9 9 9 9 9 2 9 9 9 9 9 9 9 9 9 9 9 9 9 9 9 2 9 9 2 9 9 9 9 9 2 9 9 9 9 9 9 9 9
left_child=1 6 16 60 -5 30 -1 -8 -9 12 31 18 27 14 59 -16 -3 -18 -12 -6 -17 23 61 -19 26 41 57 -7 35 40 -2 -11 -24 -31 -25 -29 -28 -10 -39 -27 -26 -21 -33 -40 45 -32 -47 56 -48 -50 -49 -37 -44 54 -52 -55 -46 -13 -54 -14 -4 -20
right_child=5 2 3 4 19 9 7 8 37 10 11 24 13 -15 15 20 17 21 22 25 -22 -23 32 34 29 39 36 28 -30 33 44 42 -34 -35 -36 51 -38 38 43 -41 -42 -43 52 -45 47 46 48 50 49 -51 53 -53 58 55 -56 -57 -58 -59 -60 -61 -62 -63
leaf_value=-0.028456082139644425 -0.00094413405051454904 0.018468788569247409 -0.0051515855041143373 0.0086173058442072983 -0.022299502441506778 0 0.007361494485143341 0.0049351777881383894 -0.033925971850760107 -0.0025954367432204895 0 0 -0.0038773431047884519 0 -0.012830936078193189 0.0053374441787018443 0.014871395827212837 -0.009648603449706571 0 -0.011855596510045871 -0.0034023664752021424 -0.012409210718644316 0 -0.0033959515998139983 0 -0.024000227637588977 0 -0.0010069713229313494 0 0 0.011633906327188016 -0.00029926052317023254 0 0 0.0097160726697838994 0.012955707766814158 0 -0.021086849719387828 -0.020475464386880048 -0.009212797118918389 0 0.0070007966230077731 0 -0.0040369447413831942 -0.00070617515966295979 -0.0094662518280165392 0.0070734209697693598 0 -0.0092632945091463623 0.0010196688328869643 0 0.0056727389944717299 0 0 0 0 -0.0093617586572654551 0.0024017147137783469 0 -0.015053806309348147 0.013971563808103382 -0.00088654455030336978
leaf_weight=1203 1272 776 318 940 752 684 646 553 669 892 1965 572 421 6306 1192 915 767 900 528 438 7061 268 5673 1031 590 668 2015 925 1881 2417 623 851 12258 34213 2078 537 15019 1102 685 3279 3509 1206 1135 1769 425 772 786 1199 541 1247 1667 1999 811 826 3108 2886 1008 1494 1870 930 734 1225
leaf_count=1203 1272 776 318 940 752 684 646 553 669 892 1965 572 421 6306 1192 915 767 900 528 438 7061 268 5673 1031 590 668 2015 925 1881 2417 623 851 12258 34213 2078 537 15019 1102 685 3279 3509 1206 1135 1769 425 772 786 1199 541 1247 1667 1999 811 826 3108 2886 1008 1494 1870 930 734 1225
internal_value=-0.0101634 -0.0621728 -0.00972681 -0.0671259 -0.0964976 -0.00160119 -0.173882 -0.135118 -0.16691 0.00583166 0.0154212 0.0212333 -0.0306896 -0.0549355 -0.0954519 -0.0706645 0.0724451 0.0411392 -0.0157841 -0.128057 -0.0455683 0.00303093 -0.00287112 0.0262527 0.0346284 -0.0999999 0.0680201 0.0370321 0.0621591 0.0189539 -0.0514934 -0.0696553 0.00992586 0.0100759 0.0739345 0.124256 0.0540332 -0.200201 -0.164868 -0.147765 0.0980296 0.0149153 -0.0384804 -0.106752 -0.0393443 0.025044 -0.0158724 -0.062364 0.0397137 -0.0259998 -0.0434764 0.177296 -0.00526376 -0.0616425 -0.103956 -0.00735048 -0.189791 0.182363 -0.0523764 -0.260858 0.135009 -0.132946
internal_weight=147030 20782 14155 8335 7283 126248 6627 5424 4778 109888 87037 81478 22851 16825 10519 9168 5820 5044 21649 6343 7976 4277 19684 4009 59829 5591 19100 6026 5342 40729 16360 5559 17931 36630 3109 3461 17034 4225 3556 3947 4099 1644 4667 2454 15088 3969 3346 11119 2574 1788 9686 2536 3816 8487 4775 3712 1433 2066 2681 1351 1052 1753
internal_count=147030 20782 14155 8335 7283 126248 6627 5424 4778 109888 87037 81478 22851 16825 10519 9168 5820 5044 21649 6343 7976 4277 19684 4009 59829 5591 19100 6026 5342 40729 16360 5559 17931 36630 3109 3461 17034 4225 3556 3947 4099 1644 4667 2454 15088 3969 3346 11119 2574 1788 9686 2536 3816 8487 4775 3712 1433 2066 2681 1351 1052 1753
cat_boundaries=0 8 15 23 31 39 47 55 63 71 78 85 93 101 109 117 125 133 141 149 157 160 164 172 180 188 196 204 207 215 219 223 231 238 242 250 258 262 270 273 281 287 291 295 303 311 314 316 322 325 328 332 336 340 344
cat_threshold=1129152 2281980928 8 2147500032 16810112 2 286820368 8753 589824 1073775375 2086 12582918 12582912 201789442 65568 274731096 70144 1073790976 2117636 1342308352 138413575 536887296 68157440 164472 38275140 1179712 0 2097154 268455937 16 13273088 1187456 270533392 133185 256 2147483664 0 2183152012 1640 160 160 33587200 402662736 50860032 276827176 256 4253696 2164225 8392706 2181071872 16778240 19939520 1142177800 4194320 50364672 268454016 541100032 20544 66562 1088 344981513 210960 16781824 8192 1051648 34603073 8192 2384461825 3304448 67162208 36175872 65536 2149593101 75531282 486580328 12582930 1073766404 16384 1216348232 33556484 1062016 537702400 404897800 1073741895 16777232 161 403702272 25231488 2164330496 872939794 1073741824 1073750016 25165960 33558784 805306384 545280294 0 20971520 2552381448 537919540 11567104 268436548 539232260 8781824 34079753 3489923072 541065216 3766616072 1574912 2149589510 33824 17043476 943718439 1091059713 65536 1048576 8216 8437764 2097152 3229615634 8919040 64 1090520321 69271664 25690368 65540 536870928 25231488 545783810 6291585 536870912 590355 42344468 1089 68174848 671094912 532897 65600 536871040 671629857 393216 16778243 545259616 17302048 67109185 8429736 640 268435840 75497489 8200 272629834 1094844614 4194313 1111490576 134758418 1572866 40 3825896448 28902640 170972128 4032299265 270733216 360960576 4 34160640 1080295429 4196372 25198720 268435456 540672 311050240 8454528 344459328 1342177408 1048580 33822722 537137412 3072 2220160 640 16777216 16777232 4 2218655872 1207998464 8392705 42401792 74827 2701131776 131265 12779524 37751817 4202624 1074003976 2685403264 16793632 0 679477274 553648385 262152 371196930 68437256 4194305 32772 3227517472 672926658 1136839401 2147483776 0 1170210816 1210089472 268554258 1073742084 962658824 8208 209715670 2198695048 638198052 3 2920818959 13631488 1484804164 3 16666 4195360 1694564480 285212865 268960000 403183616 134222080 5120 3892314112 67703813 169869318 147520 4464640 690028576 524352 1682596228 562041458 608219150 9 807403776 538968064 39328 167772160 21017 1082138624 229 518 2147492480 25821201 1091567872 67371016 524544 3221225508 40 1192036 2202080280 180881417 41979010 3 33587244 536873472 100795008 16392 1082425376 22532 1048578 67141636 444798472 1652597120 2194239524 134225920 270794752 673456136 8392768 2449737988 102760528 134285318 2048 1179648 1317226528 2140 0 3641241856 35655682 2189967616 778962307 29954228 4 292684312 84410624 769874580 5 335675392 3372550144 33 1082679296 69648 544411664 16384 72 3221225482 59249444 0 16777220 3254788096 19009544 268439809 1048576 344686592 1075950603 1234945172 3 1 1073741824 2971701248 87509340 0 131072 43568 1240493440 671090408 10502944 1416760492 1233166414 68174598 1149305475 2974228994 152588744 3 168170816 66331714 2702741710 4 67448973 21004800 2685028529 11 2189591388 2285902473 1073788972 14
is_linear=0
shrinkage=0.65


Tree=3
num_leaves=63
num_cat=61
split_feature=3 38 38 41 35 41 41 35 41 41 41 35 41 23 41 41 35 24 24 41 21 35 35 24 35 23 24 35 35 40 35 22 24 24 19 23 24 23 22 41 22 24 23 22 29 23 23 22 24 24 22 22 35 24 23 24 41 21 24 21 22 23
split_gain=130.135 257.93 99.3992 89.5155 78.5266 76.3902 72.5734 69.2547 78.6703 67.066 61.9644 61.9308 56.8094 55.1955 58.6476 58.6072 62.8054 56.1844 55.6586 54.6113 54.4823 65.1969 57.6358 52.0422 51.3605 52.9577 49.7679 57.2482 50.8281 48.4016 48.9619 49.7805 48.5896 47.3751 46.2586 45.5388 44.5506 43.8141 51.2136 50.0787 43.503 43.4385 43.0914 42.6193 42.5209 45.2891 42.5018 46.1303 41.5673 41.4864 40.958 40.5366 38.8427 37.7477 37.6919 36.4244 36.2487 35.603 34.9431 39.9464 34.8082 34.6893
threshold=0.012500000186264517 0 1 2 3 4 5 6 7 8 9 10 11 12 13 14 15 16 17 18 19 20 21 22 23 24 25 26 27 28 29 30 31 32 33 34 35 36 37 38 39 40 41 42 43 44 45 46 47 48 49 50 51 52 53 54 55 56 57 58 59 60
decision_type=2 9 9 9 9 9 9 9 9 9 9 9 9 9 9 9 9 9 9 9 1 9 9 9 9 9 9 9 9 9 9 9 9 9 9 9 9 9 9 9 9 9 9 9 1 9 9 9 9 9 9 9 9 9 9 9 9 1 9 1 9 9
left_child=1 3 9 -1 35 29 36 8 -7 -2 48 -5 41 14 51 18 19 -18 50 -17 22 -22 -16 40 25 -12 27 -26 -28 -4 55 -32 -33 46 -25 -3 -6 43 57 -40 -10 -11 -36 -35 -13 53 -14 -48 -8 -27 -15 -9 -20 -46 -34 -31 -49 -39 59 -47 -37 -42
right_child=2 4 5 11 6 7 10 13 23 12 24 44 33 15 20 16 17 -19 52 -21 21 -23 -24 34 26 49 28 -29 -30 30 31 32 54 37 42 60 -38 38 39 -41 61 -43 -44 -45 45 58 47 56 -50 -51 -52 -53 -54 -55 -56 -57 -58 -59 -60 -61 -62 -63
leaf_value=0 -0.0015643803053535521 0 0 0 0 0 0 0.0018390638864517318 0 0 0 0 -0.0011704905759757826 0.0019520223722793162 0 0.0016870338830933182 0 0 -0.0023735955299343916 0 0 0 0 0 -0.00012148370943032197 0 -0.00090486170822259783 0 0 0 0 0 0 0.00061368713283445689 0.0021334830983727421 -0.010593668004503525 -0.0049705883325077598 0 0 0 0.0019377927817404239 0.00061368713283445689 0 0 0 0 -0.00054948113737191299 0 0.0061530636882107508 0.0061019414988953942 0 0 0 -0.014075596766080703 0.0018708612012633241 0.0031365989068872298 0 0 -0.022401372171472762 -0.018452763469400633 0 0
leaf_weight=606 1047 803 939 660 532 1125 449 536 779 430 653 505 1338 444 1907 1073 14399 30592 697 6878 1649 11441 10936 720 819 439 1912 4453 9595 420 1204 878 536 809 1447 566 1113 670 571 3698 457 847 3417 2080 422 309 992 596 853 1213 983 1167 2505 745 1362 956 1457 1324 1992 480 1219 1386
leaf_count=606 1047 803 939 660 532 1125 449 536 779 430 653 505 1338 444 1907 1073 14399 30592 697 6878 1649 11441 10936 720 819 439 1912 4453 9595 420 1204 878 536 809 1447 566 1113 670 571 3698 457 847 3417 2080 422 309 992 596 853 1213 983 1167 2505 745 1362 956 1457 1324 1992 480 1219 1386
internal_value=0.0020822 -0.0358421 0.0119423 -0.160033 -0.00691404 0.0194655 0.00569113 0.0148424 0.0679706 -0.0358767 0.0163153 -0.188088 -0.0245548 0.00901559 -0.0148582 0.0204765 0.0266118 0.0171877 -0.0495798 0.0798317 -0.0225477 -0.0520416 0.00753401 0.0900888 0.00690981 0.0976261 -0.00561311 0.0466218 -0.0295685 0.0887347 0.112612 0.075551 0.123332 -0.0369454 0.125563 -0.11375 -0.125136 -0.0102848 -0.0408127 -0.0809273 0.0143127 0.105896 0.148369 0.055791 -0.215745 -0.238937 -0.0924345 -0.0495419 0.152854 0.159375 0.0569143 0.101574 -0.0970752 -0.127353 0.181728 0.218227 0.00629524 0.0450397 -0.284157 -0.161485 -0.171452 0.0686791
internal_weight=147030 30338 116692 5719 24619 100833 22031 94538 9331 15859 20386 5113 14812 85207 27636 57571 52942 44991 4629 7951 25933 13090 12843 8206 19084 2305 16779 5272 11507 6295 5356 3980 2776 13535 5584 2588 1645 9152 6263 4269 2622 1277 4864 2889 4453 3948 4383 3045 1302 1652 1427 1703 3202 1167 1898 1376 2053 1994 2781 789 1785 1843
internal_count=147030 30338 116692 5719 24619 100833 22031 94538 9331 15859 20386 5113 14812 85207 27636 57571 52942 44991 4629 7951 25933 13090 12843 8206 19084 2305 16779 5272 11507 6295 5356 3980 2776 13535 5584 2588 1645 9152 6263 4269 2622 1277 4864 2889 4453 3948 4383 3045 1302 1652 1427 1703 3202 1167 1898 1376 2053 1994 2781 789 1785 1843
cat_boundaries=0 8 16 24 32 40 48 56 64 72 80 88 96 100 108 116 124 128 132 140 142 150 158 161 169 173 176 184 192 197 205 209 212 216 223 227 230 234 238 246 249 252 256 260 261 265 269 272 276 280 284 288 296 299 303 307 315 317 320 322 326 330
cat_threshold=1251780 100929024 8192 0 16384 0 305168400 8825 9445000 304087040 4161 34078976 2147483664 64 2181054724 1024 271618048 2359300 2684690816 6822021 0 524304 1342251136 16384 1073875232 571474176 33555456 41945129 135266816 2281963568 655392 129 2684487168 4521985 1417675024 2130176 536991748 1074003972 553713664 16 268435456 16544 35651588 536879104 2169587240 2147495968 69208192 29622272 165154818 0 16388 1342570640 8388612 1052800 360450 67642501 32768 32896 675854 1358954500 0 2357338633 67108864 13142273 2129952 268436608 1056 1074807841 34218052 328708 71368769 4224 2684354564 6815752 335545344 16777228 133136 612434061 2147549701 67600 1073750144 1073743872 208 1056966700 299268 16912388 49168 32800 335675456 1635977216 2147525120 270338 65666 537919504 1074266624 8651332 1299590682 604041361 2156232708 8 1073807376 524288 687865984 4160 131073 79776034 1476401160 9437185 1346898193 131080 536936450 536879680 143654912 19005442 1081442 1064962 1140850693 17145856 67111168 2148008768 557056 2064 17307905 16794432 714478736 1633158419 841519169 8 1153719105 3233039384 5535746 2 32 1108869120 397313 37879848 6291456 67109064 1109406720 270432 1796850496 3921202929 539164680 16448 2 34086923 941621329 138936580 570425360 163842 0 1140850722 50332865 109051912 1073795344 2181038088 68296704 4458752 2719254805 72501264 270201973 50331648 134351360 16778017 655616 2248212546 4194368 542150656 72353796 570877729 335955296 161482136 2 2109932010 76974784 272908864 545260034 1367343104 1073881088 537919568 1346381968 2162688 1082131456 98 520 2215116800 271665172 469778450 8409345 33555456 35659777 2359296 1087373833 819200 218103816 1073784832 12582912 537133060 370161674 1572992 134217736 1073940480 130 524864 33620049 2284177536 1594102208 3297259264 4 2234541504 967344420 536940121 402719473 17041843 2222739328 4 0 2149615616 142680098 304088073 671187117 553664516 20 1220188168 2307670161 608256360 2 1619073062 2470462802 2954454058 340788242 539711040 1209655356 14 615264609 612633722 2298765328 12 1111510298 12290 50331650 8 2160066561 2166374656 805306368 16777224 2299695526 135728903 35751940 148669952 2151859269 2489856963 21104769 1981030912 1769289922 2 209750368 1176609922 2157446175 12 4 537092096 176578677 2215287046 11 4113073734 50366656 2819359116 8 2224051313 2286164167 3695378688 1261646993 746689090 2215780384 4 1557272642 13639797 1077936962 4 1251232808 2191724600 287581380 1 55222332 3758653708 557860066 10 33619988 302123146 4849680 65537 436377600 8388864 131072 40 186417201 3942777710 542377024 758415618 42287111 201720990 3 2690694304 1229989633 556007948 2 1128357888 2097152 53477377 100665408 814743584 8536064 134479872 7413760 807670368 1215828899 2282012696 1084767106 189793082 920658432 1145347627 201931945 392761860 167907461 1 843080353 2221506576 23177344 2
is_linear=0
shrinkage=0.65


Tree=4
num_leaves=63
num_cat=62
split_feature=23 34 35 41 35 34 34 34 41 35 38 41 22 34 35 34 22 41 41 41 34 22 35 22 34 41 34 35 35 23 22 35 34 41 22 41 24 35 22 41 24 34 34 24 21 35 34 41 35 21 22 19 40 24 21 22 24 22 35 24 22 41
split_gain=59.9777 69.381 82.2587 65.3352 62.9805 61.9939 60.0047 58.4889 72.0881 77.769 59.1973 90.015 66.7947 61.1552 57.6818 67.9635 57.3719 57.2498 56.3782 55.1479 82.9271 56.9961 57.8784 55.0293 55.0135 76.0729 53.4879 64.3179 53.1213 52.3673 51.3749 51.3254 57.6042 56.8629 61.4488 50.5757 49.4972 48.3967 48.1151 46.9208 51.235 54.9648 45.9843 48.967 45.3784 45.174 69.2685 57.1073 44.6848 47.9025 44.4738 44.3486 46.5043 43.6719 42.8884 42.7435 42.42 42.3665 41.8814 43.4617 38.9902 38.6548
threshold=0 1 2 3 4 5 6 7 8 9 10 11 12 13 14 15 16 17 18 19 20 21 22 23 24 25 26 27 28 29 30 31 32 33 34 35 36 37 38 39 40 41 42 43 44 45 46 47 48 49 50 51 52 53 54 55 56 57 58 59 60 61
decision_type=9 9 9 9 9 9 9 9 9 9 9 9 9 9 9 9 9 9 9 9 9 9 9 9 9 9 9 9 9 9 9 9 9 9 9 9 9 9 9 9 9 9 9 9 1 9 9 9 9 1 9 9 9 9 1 9 9 9 9 9 9 9
left_child=1 2 -1 6 5 -5 -3 8 -2 -10 11 38 18 54 15 -12 -4 -15 -13 20 -16 -22 -23 35 25 29 27 -6 -27 -21 -29 32 -28 34 -33 -11 -19 -25 -9 60 55 -42 -20 -44 -35 46 -26 -47 -18 -50 -7 -39 -53 -8 -14 -41 -34 -55 -37 -60 -17 -32
right_child=7 3 16 4 26 50 53 10 9 23 14 12 13 17 19 39 48 36 42 24 21 22 -24 37 45 28 31 30 -30 -31 61 33 56 44 -36 58 -38 51 -40 40 41 -43 43 -45 -46 47 -48 -49 49 -51 -52 52 -54 57 -56 -57 -58 -59 59 -61 -62 -63
leaf_value=-0.00066336378379492104 -0.001724903803144116 0 0.00065137341263471135 0 0 0 0 0 0.00090704053663648678 0.00061368713283445689 -0.0015736067462676149 -0.0010134700538765172 0 0 0.00058816011034468858 0 0.0007608188743842587 -0.0037277046014205554 0.0018668630004476658 -0.0013603651311483453 -0.0024636766058392825 -0.0053620532155036925 0 0 0 0.0029384190145792673 0 -0.002714889325046379 0 0 0 0.0025839309701405004 -0.0028855206165462732 0 0 -0.0026887279935181143 0 0 0.0044977141188646784 0 -0.0014352989627514038 0 0.00060092362158957273 0 0 0 0 0 0 0 0.00032312609808286656 0 -0.00035135135985910895 0 0.0007608188743842587 0.0011871662379913702 0 -0.0033047166705151543 0 0 -0.0012454284611158077 0
leaf_weight=738 1089 702 1599 670 654 1022 788 417 1021 653 1034 544 534 794 781 418 663 1554 538 656 1027 455 2515 1003 805 1113 554 1154 7209 786 538 930 928 8777 2057 431 3394 836 695 545 687 3076 666 1497 14379 5181 5756 42358 1246 1627 2447 1162 3761 524 597 1106 2011 1402 543 1412 869 2102
leaf_count=738 1089 702 1599 670 654 1022 788 417 1021 653 1034 544 534 794 781 418 663 1554 538 656 1027 455 2515 1003 805 1113 554 1154 7209 786 538 930 928 8777 2057 431 3394 836 695 545 687 3076 666 1497 14379 5181 5756 42358 1246 1627 2447 1162 3761 524 597 1106 2011 1402 543 1412 869 2102
internal_value=0.00262596 -0.0163717 0.0497026 -0.0257029 -0.0179861 0.0576246 -0.111683 0.0116965 -0.0310199 -0.0148791 0.0175076 -0.0265388 -0.0458785 -0.082135 0.0239871 -0.0291984 0.0789294 -0.10935 0.0309333 0.0299844 -0.0373173 -0.0752306 -0.0292085 -0.0327219 0.0350257 0.0799202 -0.027185 -0.0935649 0.10381 -0.0576683 -0.126038 -0.0171883 -0.0910555 -0.00728158 0.0769422 0.0398393 -0.135373 -0.0653454 0.148042 -0.00513179 0.021443 -0.02049 0.0694802 0.0265976 -0.0181802 0.0269071 0.0774303 0.0199165 0.0324266 -0.00292883 0.092617 -0.0883035 -0.111824 -0.155466 0.0557302 0.116476 -0.127313 -0.208282 -0.00433681 0.0363496 -0.116089 -0.075245
internal_weight=147030 47512 5873 41639 38223 4139 3416 99518 11911 10822 87607 11230 10118 6873 76377 7735 5135 5742 3245 68642 4778 3997 2970 9801 63864 9764 34084 4448 8322 1442 3794 29636 3493 26143 2987 3039 4948 6762 1112 6701 5414 3763 2701 2163 23156 54100 6561 47539 3536 2873 3469 5759 4923 2714 1131 1651 2939 1926 2386 1955 1287 2640
internal_count=147030 47512 5873 41639 38223 4139 3416 99518 11911 10822 87607 11230 10118 6873 76377 7735 5135 5742 3245 68642 4778 3997 2970 9801 63864 9764 34084 4448 8322 1442 3794 29636 3493 26143 2987 3039 4948 6762 1112 6701 5414 3763 2701 2163 23156 54100 6561 47539 3536 2873 3469 5759 4923 2714 1131 1651 2939 1926 2386 1955 1287 2640
cat_boundaries=0 4 12 20 28 36 44 52 60 67 75 83 90 93 101 109 117 120 128 136 144 152 155 163 166 174 182 190 198 206 210 214 222 230 238 241 249 252 260 263 270 274 282 289 292 294 302 310 318 326 328 332 339 344 348 350 353 357 361 369 372 375 383
cat_threshold=1299594842 67166227 2183462976 8 19924994 537395200 4227619 537217040 524816 10240 151191619 16384 68161539 33554512 537460738 272646146 4096 3221225520 2484109312 9296 671113729 2155874304 33555456 17040128 1048576 151007788 2214725634 2162690 9474050 20548 6 572653568 1082284033 2148532224 33619968 4491268 4199553 2118682 1073768704 16777216 3145728 10617344 536876036 67240192 1414004736 1073829960 1122560 2147483778 8552448 574619649 33555200 1048704 1073741952 524296 1141129346 2231388160 2148272128 1073747972 67207296 2115080 8388672 1073873088 689236 2151712832 672399361 393222 1073741859 18351618 402464 256 58744848 790536 1050624 603981828 536640 1187392 4243968 65729 67108864 2416050177 536870982 2147502468 1056 37765192 2282752513 2147633152 1612972032 0 436209717 268502529 3838467072 2751595755 155304088 571080704 1208025088 10526977 4325632 9437184 50406017 17835584 2048 33817600 2114080 594945 151072769 101712418 851968 37814288 2048 268435552 1075863552 2147483648 262721 2195970 33346 138420296 16777472 823135122 12714514 40967599 8388624 1344577680 8192 528 2483027968 2149581056 2327871506 16384 1073750017 1342181392 19136512 32784 336625792 2097152 168562720 17408 524304 2147550216 2147483648 286784 413409280 3409952 203493578 16384 35328 268435463 135176 2392320 35655682 1032 1125664832 33882112 17334600 2769561952 2550667320 2214592514 4194305 16777792 2097152 114688 33562624 1033 67108890 146248070 1124696646 2717992978 69731360 54534144 134226192 262144 50528256 82193 1184770 41945089 4202563 33589264 1744900160 25166628 4325384 4232 272 83890176 536936472 262180 67764224 2147616384 1065216 8388617 49283744 13631488 16777728 88344578 1642512 1048902 537919520 1082130432 71435329 4864 67109376 134223872 277872640 1142032640 134291456 1073743377 34944 41222 2147582209 183568484 1489540006 6 2303033888 2429034560 2696820738 12 304 40960 131072 1090584578 35651584 1147275520 2285902336 18485760 2214592545 4210696 1073743872 4718600 2181177474 69468324 1610614784 384 4096 67109078 2097280 1082163208 2183528520 268435456 1361125641 16384 68161571 157847716 814136227 34115584 524816 262144 279577606 2631810 285212673 2185250816 136 345788940 2705924120 2215105928 2097169 10518592 2160525336 2348943362 33554464 67125504 33562752 1065984 670241873 1073742354 253938096 8388768 285212690 35655682 408064816 287754 8192 2181300224 2416210760 553655433 1360399626 6 79757312 5242978 8394756 2297858 1089 134610944 2228226 42467393 2453667840 1208434690 720936 0 1090519040 134381696 524288 545882358 1086327478 590873136 1331794752 2978007392 1048577 66576 553680928 1074135552 1075872000 18874434 269750401 615424 8790280 2429456 50332673 204872 5120 2281701376 1090519296 8224 2198208800 1158807744 6308488 0 67141632 1073742080 269485056 5111809 671088780 272630016 1090564 150995521 671105296 5252096 134742024 32769 978063489 1357413471 896139368 1244200968 2959362081 5 4 1079017728 1126402 335646720 578949281 33620290 16416 13634960 99328 1114126 335568160 4354051 168323138 849478336 70820911 8 2917907522 1208371991 36378065 1766466598 1082189827 68740366 72486152 751173899 8 3556906136 3372224528 1109676121 12 1082261541 4612 33718274 8 672334082 587202560 50208 2162704 1073750016 2854235280 3309045219 272241156 3263178249 190080071 4112 134250498 327938 524432 67142666 2147483648 33554448 85218048
is_linear=0
shrinkage=0.65


Tree=5
num_leaves=63
num_cat=61
split_feature=23 38 41 4 38 22 34 22 35 41 34 24 34 34 35 34 35 35 34 34 19 35 41 24 22 22 41 38 41 34 35 41 34 35 41 22 24 24 34 41 35 22 35 24 34 24 22 34 41 22 24 22 21 24 23 23 24 34 22 22 24 21
split_gain=94.8074 79.6326 65.3299 62.6067 159.192 105.112 83.1299 67.1103 64.3378 59.3973 75.2795 60.2563 67.9285 61.4381 70.5028 58.4324 56.1093 55.9415 63.7035 55.1766 54.9933 50.6959 53.0487 50.458 49.2788 48.5276 48.4577 48.0234 89.4782 72.2204 55.721 54.5051 54.1843 68.4463 58.8188 54.1434 51.1099 49.5883 69.9953 61.3276 59.7041 57.3564 56.5478 48.1077 51.8101 47.7931 46.4812 45.299 48.4731 44.8902 44.2427 43.5045 43.4637 43.233 43.3074 43.2246 42.726 42.4593 42.3995 42.3782 41.4263 39.2748
threshold=0 1 2 0.0091666667722165602 3 4 5 6 7 8 9 10 11 12 13 14 15 16 17 18 19 20 21 22 23 24 25 26 27 28 29 30 31 32 33 34 35 36 37 38 39 40 41 42 43 44 45 46 47 48 49 50 51 52 53 54 55 56 57 58 59 60
decision_type=9 9 9 2 9 9 9 9 9 9 9 9 9 9 9 9 9 9 9 9 9 9 9 9 9 9 9 9 9 9 9 9 9 9 9 9 9 9 9 9 9 9 9 9 9 9 9 9 9 9 9 9 1 9 9 9 9 9 9 9 9 1
left_child=27 2 -2 4 7 23 -7 -3 -8 10 -5 12 26 14 -13 -10 57 18 -15 61 -18 55 49 -6 -16 52 -11 28 -1 -30 -31 -29 33 -33 -35 36 -32 38 -34 -40 41 -39 -41 -37 -45 -27 -19 51 -49 -23 -9 -42 -12 54 -24 -21 -36 -14 -58 -55 -43 -4
right_child=1 3 19 9 5 6 8 50 15 11 25 13 16 17 24 -17 20 46 -20 21 -22 22 53 -25 -26 45 -28 31 29 30 35 32 37 34 56 43 -38 40 39 42 47 60 -44 44 -46 -47 -48 48 -50 -51 -52 -53 -54 59 -56 -57 58 -59 -60 -61 -62 -63
leaf_value=0.0021480658358348503 -0.0019066669787822321 0 -0.0059786283025838266 0.00057625395769719042 0 -0.0095831890952133101 -0.0069506888550160502 0 0.0065375423053734274 0 0 0 0 -0.0019099723594765239 0 0 0 0 0 0 0 -2.1529493379785066e-05 0.00065875553501973621 -0.014094920103479307 0.00061021427216473984 -0.0015621059395489289 0.0003552179730229908 -0.00042339271821256237 0.0016680139995500197 -0.0010296932452050888 0 0.0027448310445906828 -0.00021003196375386326 -0.00048173329039381363 0 -0.00041495737131772318 0.0005740452463651309 0.0021480658358348503 0.0013986499721431753 -0.00086877470364561248 0 -0.00042339271821256237 0 0.0010117583135142918 0 0 0 0 0 0.002093615134549327 0.010170296902069824 -0.0016027048604769607 0.00022837838390842082 0 0 0.0024230079909233612 0 -0.00076786287885547192 0.00077347099551225288 -0.00042287902440875765 0 0
leaf_weight=786 1007 672 437 891 550 564 533 429 526 549 681 643 407 556 1657 2874 1639 12793 4010 523 16177 326 1038 1274 3791 1136 2414 2151 1003 732 676 603 1327 652 993 1652 1797 562 988 804 772 694 6770 675 2803 2464 26479 1045 15091 818 1005 1740 1034 1745 1213 648 667 1692 1535 3698 994 625
leaf_count=786 1007 672 437 891 550 564 533 429 526 549 681 643 407 556 1657 2874 1639 12793 4010 523 16177 326 1038 1274 3791 1136 2414 2151 1003 732 676 603 1327 652 993 1652 1797 562 988 804 772 694 6770 675 2803 2464 26479 1045 15091 818 1005 1740 1034 1745 1213 648 667 1692 1535 3698 994 625
internal_value=0.00740485 0.0188084 -0.0306451 0.0256426 -0.027607 -0.0791331 -0.0255156 0.126747 0.00823819 0.0313257 -0.029688 0.0365262 0.00888815 0.049185 0.110339 0.0413393 -0.00479499 0.0406602 -0.0274027 -0.0161283 0.00707313 -0.00110265 -0.0179943 -0.210294 0.134405 -0.0590576 0.100504 -0.0164811 0.0232143 0.00535291 -0.0145621 -0.0272339 -0.0210772 0.0458874 0.0136433 0.00204855 0.0808248 -0.0307705 0.00715581 0.0287322 -0.0487111 0.0511493 0.00873974 -0.0360268 0.00744976 -0.101855 0.0485796 -0.0607851 -0.0480617 0.111894 0.205878 -0.141898 0.0308626 -0.0374513 0.0382014 0.125274 0.0500623 -0.104997 0.100406 -0.0687534 -0.00917628 -0.156145
internal_weight=147030 99518 12078 87440 8427 6321 4497 2106 3933 79013 6206 72807 22878 49929 6091 3400 19915 43838 4566 11071 17816 10009 8838 1824 5448 5315 2963 47512 10124 9338 8335 37388 35237 4450 3847 7603 2473 30787 9889 8562 20898 2250 7574 5130 3478 3600 39272 18648 16136 1144 1434 2512 1715 7694 2251 1171 3195 2099 2202 5443 1688 1062
internal_count=147030 99518 12078 87440 8427 6321 4497 2106 3933 79013 6206 72807 22878 49929 6091 3400 19915 43838 4566 11071 17816 10009 8838 1824 5448 5315 2963 47512 10124 9338 8335 37388 35237 4450 3847 7603 2473 30787 9889 8562 20898 2250 7574 5130 3478 3600 39272 18648 16136 1144 1434 2512 1715 7694 2251 1171 3195 2099 2202 5443 1688 1062
cat_boundaries=0 4 12 20 28 32 40 44 52 60 68 72 80 88 96 104 112 120 128 136 143 151 159 163 166 170 178 186 194 202 210 218 226 234 242 246 250 254 262 270 278 282 290 294 302 305 308 316 324 327 330 334 336 340 344 348 351 359 363 367 370 372
cat_threshold=1299594842 67166227 2183462976 8 1187328 4246272 65729 67108864 2416050177 536870978 2147502468 1056 65538 1065216 210763780 4196640 25165825 604127236 524800 42992008 1216356352 301990916 1193984 1074270464 2114576 4 2359296 88 2818801664 2404549312 554234296 8 33556480 2621508 76038152 58736640 138420224 2147484240 2181038600 148736 158351409 811871237 3289452225 2 1745092864 2097216 2196480 2147488784 67321856 3221422464 2147484672 331784 655408 9634433 520 16384 2418016256 11544832 17826912 16801796 604115072 16785411 8208 1377828874 67108864 131156 1610875713 67108870 26628 2585997832 1129776974 6 67633184 1048576 2248685576 4227073 65553 2147511041 3213316 34816 262144 134217864 67125874 553648160 50405632 285212673 8519826 9176065 547356736 131145 1091567680 33572864 269484035 132610 2415962112 8392704 2149580996 2147487744 2717978626 590608 268440064 288 5281 327680 100663808 134746240 537469960 676332032 2384461824 268959752 8912912 278528 276844544 1207975940 335806465 16787513 26281472 16 37748736 12746752 536870918 8388628 8388608 277086592 140510736 67633408 2418016512 32780 17063936 512 151521280 28 268583232 16900144 67108916 4206600 0 1090521344 204479009 71321600 755238912 604110874 65728 786440 1082134794 67240000 20544 33949696 16910465 2215673984 18 64 1107299346 16861344 1610907664 262208 269551616 3490709506 49168 2690728196 1082230442 136977680 12 2163986905 534537 1118667776 2350146570 319291436 3526171812 2 218104195 16781344 2147844098 67633425 1152 2416050178 0 8388608 2048 2214595584 79936 1178861568 2415920264 536871010 302530692 8256 524297 276826372 2151680000 524312 5243392 90177632 34610176 526338 1114758 8 17 402915840 1344913504 16843264 1090519056 540720 9077256 8945664 2147484034 1079009281 0 336724098 2216755234 65536 3498115072 6291472 167772160 262152 114294784 1426195137 266308 131072 2490625 604504066 138412066 68223010 67108896 1075840160 135397888 33587208 134578180 0 1180176 336068608 0 2166685840 1074086080 4 33554432 2952790048 2147644417 343932928 9216 8930304 2147483696 67133960 1342269369 138444899 319834257 7 285225088 646242361 2886799530 12 9175302 1085020384 1195777310 4 134750288 138412048 1075055112 268468740 956304384 536871440 262208 131074 20 536953248 1073745985 1224769600 805371928 139461632 4194561 33554433 545786880 8667136 4198400 738197634 537133080 536905728 1073748000 9453856 19024940 211550257 283149056 1 2181301248 262160 553681424 1143210274 17039364 2147483680 1073747972 8716296 3355580550 596640433 2443296788 14 310648832 273285170 147528 2151702528 2151677952 302123012 73856 1049600 3103987971 2706063362 137429182 166400 514919623 1496893856 537460736 2418049024 2701788160 193114112 3407872 2155872260 16420 526336 536874240 1073872904 268437664 288 268567080 42472448 1157694464 25432064 31469601 2788295318 83902497 34549030 3238006851 35211141 429425219 1143089537 67226256 14 1265438583 2149604576 613081152 2393178240 2344753217 8 2190016640 967319076 1006790176 6 2190016676 1648631360 834849552 1 2685411891 2217214310 3524406852 989859856 8392710 8404992 135267328 4857952 1245248 268435712 4097 3696238225 422053916 402686120 1 1653080320 2620299274 2218353192 4 2753737377 2684469261 681583137 3227126339 2481521955
is_linear=0
shrinkage=0.65


Tree=6
num_leaves=63
num_cat=62
split_feature=23 38 34 41 19 22 34 19 34 41 35 41 22 24 24 22 41 23 41 34 22 24 35 34 35 19 34 35 34 34 22 35 41 41 34 24 34 35 22 24 24 35 41 22 34 35 35 41 22 24 35 34 35 24 41 21 22 23 24 40 39 24
split_gain=75.5741 67.3631 89.1254 65.1254 59.4458 66.4986 58.5604 57.8084 54.5006 80.7675 64.1224 55.4659 53.2884 54.6336 52.8047 62.6885 54.0433 51.9367 50.1592 75.6509 60.7969 54.6199 74.5464 73.3945 66.7418 61.9307 61.7053 60.6334 57.8617 56.9577 56.3117 52.4425 50.9764 49.7051 66.3836 62.4169 50.6854 71.479 56.4553 53.2637 52.0746 75.1313 72.8098 58.4091 52.4018 69.7036 51.0238 53.5615 50.3682 48.8479 47.3418 46.779 50.0564 48.2642 43.3677 40.2611 39.9826 38.9804 38.1291 36.963 36.2697 35.9729
threshold=0 1 2 3 4 5 6 7 8 9 10 11 12 13 14 15 16 17 18 19 20 21 22 23 24 25 26 27 28 29 30 31 32 33 34 35 36 37 38 39 40 41 42 43 44 45 46 47 48 49 50 51 52 53 54 55 56 57 58 59 60 61
decision_type=9 9 9 9 9 9 9 9 9 9 9 9 9 9 9 9 9 9 9 9 9 9 9 9 9 9 9 9 9 9 9 9 9 9 9 9 9 9 9 9 9 9 9 9 9 9 9 9 9 9 9 9 9 9 9 1 9 9 9 9 9 9
left_child=4 2 49 -4 5 -1 17 -8 9 -3 -11 -12 50 -14 15 -9 -16 -5 19 -10 58 22 29 31 28 -25 27 -26 -23 -20 -30 -24 -28 34 -6 -36 37 -35 -39 -40 41 55 -43 -44 45 -42 61 -48 -37 -2 -13 -7 -53 -54 -47 -38 -31 -22 -21 -50 -55 -46
right_child=1 8 3 6 33 51 7 14 18 10 11 12 13 -15 16 -17 -18 -19 21 20 57 24 23 25 26 -27 32 -29 30 56 -32 -33 -34 36 35 48 40 38 39 -41 44 42 43 -45 46 54 47 -49 59 -51 -52 52 53 60 -56 -57 -58 -59 -60 -61 -62 -63
leaf_value=0.0015513272855387187 0 -0.00036732659864593205 -0.001722688871854914 0 -0.0010842090997075129 0.0014185538342542717 -0.0010965720240106568 0 -0.0016563415722028385 0 0.0025709582837401385 -0.0020878567385079825 0.0016149683831899893 0 0.00050324974977411323 0.00035716273929174344 0 0.0010944260408932219 0.00061368713283445689 -0.0020387892894766996 0 0.0019191024717332826 0.00093227793791447755 0.001369961438162136 -0.002090151590819005 0 0 0 0 0 0.00019451934006065115 0 0 -0.0013962427932926527 0.001016847198479809 -0.00088839208019008352 0 0.00083248888726770184 0.0009201974498318071 0 0.00026972229135652009 -0.00049864420771636626 0 0.0001030946750021156 0 0 -0.00047815058991145637 0 0.0036606655591021994 -0.0028987042233202388 0 0.0012089502219361839 -0.0020387892894766996 0.0010417581593100244 -0.0013962427932926527 -0.003028871138410905 -0.00079553591324947799 0.00083608219988236655 0 0 0 -0.0016795551305913254
leaf_weight=1149 544 935 889 914 556 422 709 1166 916 940 1038 416 1660 3402 991 2763 7258 1217 437 428 991 801 440 1964 737 14514 3232 4633 1156 526 2873 2119 31927 641 1044 650 445 1363 929 1823 525 1286 2759 6201 541 418 2234 16774 317 1207 1985 440 547 347 2393 594 1405 1365 743 1215 1043 1133
leaf_count=1149 544 935 889 914 556 422 709 1166 916 940 1038 416 1660 3402 991 2763 7258 1217 437 428 991 801 440 1964 737 14514 3232 4633 1156 526 2873 2119 31927 641 1044 650 445 1363 929 1823 525 1286 2759 6201 541 418 2234 16774 317 1207 1985 440 547 347 2393 594 1405 1365 743 1215 1043 1133
internal_value=0.00667099 0.0168962 -0.0194963 -0.00412398 -0.0145635 0.0617171 0.00605454 -0.0104814 0.0247748 0.0687668 0.0868454 0.104681 0.0847826 0.122596 0.000106618 0.0620146 -0.0294274 0.105553 0.0183539 -0.0484399 -0.00495894 0.0228068 0.0498646 0.0633996 0.0100284 0.0793087 0.00141091 -0.0634057 0.0821561 -0.0587184 0.0500247 -0.0389341 0.0113289 -0.0214478 0.0496836 0.0855157 -0.0281762 0.0347629 0.0663072 0.0124637 -0.0366643 -0.000230121 0.0167284 0.0375278 -0.0537744 -0.129301 -0.0415241 -0.0318848 0.0225158 -0.158168 0.0048486 0.00739939 -0.0282962 -0.0733708 -0.169925 -0.165747 -0.106716 0.055173 -0.125274 0.0867226 -0.00834499 -0.14997
internal_weight=147030 99241 17658 15907 47789 3948 15018 12887 81583 10376 9441 8501 7463 5062 12178 3929 8249 2131 71207 4443 3527 66764 21405 19037 45359 16478 40529 5370 4830 2368 4029 2559 35159 43841 3782 3226 40059 4756 4115 2752 35303 11285 10246 8960 24018 3336 20682 19008 2182 1751 2401 2799 2377 1937 2811 1039 1931 2356 1171 1532 1390 1674
internal_count=147030 99241 17658 15907 47789 3948 15018 12887 81583 10376 9441 8501 7463 5062 12178 3929 8249 2131 71207 4443 3527 66764 21405 19037 45359 16478 40529 5370 4830 2368 4029 2559 35159 43841 3782 3226 40059 4756 4115 2752 35303 11285 10246 8960 24018 3336 20682 19008 2182 1751 2401 2799 2377 1937 2811 1039 1931 2356 1171 1532 1390 1674
cat_boundaries=0 3 11 19 27 34 38 46 53 61 69 77 85 89 93 97 100 108 112 120 128 132 135 143 151 159 166 174 182 190 198 201 209 217 225 233 236 244 252 256 260 264 272 280 284 292 300 308 316 320 324 332 340 348 352 360 362 366 370 374 379 383 387
cat_threshold=1299655770 67170327 2183462976 135269896 33587972 1059008 67371008 2097161 536871012 2147502340 1088 185335904 1181696 1074921488 68157601 4194304 1589248 114737 3407872 1078599938 5382400 1342177280 33583104 8388812 32768 538452000 644 0 1073774592 33563144 2065 872509504 201363512 1507908 21408780 1895833604 572323876 3 512 38306116 528448 167866372 8 1199579136 1613234176 16908288 131072 92308992 2147504129 142737431 335552580 25829376 262144 201326624 132096 2168586240 2359425 73532416 1658884 537497601 16388 3225419968 2052 1174540298 8913152 136445952 8392968 270551552 167936 134254592 2147483904 90112 9441545 8980002 192 2214602752 67141697 1573896 1073873232 2148597761 17826816 25165844 32768 34930992 1049600 2148401827 4498272 1116394064 15 2182758585 1628347660 76808464 12 1751852720 3372896528 136970368 14 1385216306 543754817 912465920 1 1258848276 32784 536870914 536871937 17113377 268570624 4751360 8962053 3388409728 1946683528 8 655392 1074856065 2097808 16384 4194336 1612752900 539038752 540678 4472832 3355463989 1107372549 0 285212672 4195080 16932864 16 1614846000 2819490820 1713785465 2 2228688000 1909507170 807704580 8454144 537020452 4196353 2181316880 71532624 2147483664 1107296264 4196368 8388608 2147549248 10485954 8392452 416 2315264001 2281709760 17563656 150996100 2048 2312 536885000 67141664 2132032 2349072384 8986624 524288 2251301120 134332421 352322566 50464777 402751504 262144 262273 33554440 101711904 50350088 789017 285214848 2100352 4228096 8396800 2147549189 16908354 2147483668 9218 538182409 4759808 2101256 1350574592 603979776 262152 93188 1081856 138444801 2099200 4468736 18907154 4194817 1100292 8 81952 79691808 2 2236496 6865155 3303714480 2154304528 524320 402658304 67895298 8 402675712 512 1380560 25165824 1155532800 2281701376 134223937 32768 2151153666 12583168 168051210 9216 1082212352 65540 1885342720 33555488 4603905 131138 16786432 9715720 806354944 3162893 2400561 196 67112960 33554433 1048580 262144 22686213 3566863360 508340516 527616 17825796 1050624 159680512 26217104 1073743876 16388 17860609 3288336384 268435456 2148008064 8914944 273193984 135266820 2151784448 35684872 1503662432 39887030 2160173644 12 1367641344 98567258 35635301 8 2693566464 10235073 1218844444 6 4096 811152 17302272 1610614786 2298478592 80 1076133908 8994882 536875536 2166359042 8404992 2156134400 2149581312 169874696 2147504128 198676 1912610836 3825241509 437592657 8 1556514 4194464 553664512 2179072 1074020352 33816640 2097313 4284448 67142208 1074794496 67108996 151007264 7421984 2181301248 2097152 16400 1311744 544 262146 263168 2483029006 2147520513 679936 12584336 272670720 134488201 117440586 136445960 1679851520 0 1114658 512 270860561 10261343 539492436 3 700518416 471368729 2868989981 8 536871104 536872960 16777476 371196448 537272320 270553088 524322 6291488 16845317 2147485824 22028300 2068 528 8392704 17047684 787456 545261568 102769152 4194304 262288 16916480 1572994 34619588 25297937 2369864260 58773824 310453544 4 2181566464 134479872 150994944 3248488451 2097288 0 276824084 8192 3563029320 1436551222 1174455618 1013060296 1082654980 4 302022917 2168981984 1208150292 13 3238497284 1787312132 404936960 6 2718957568 268502016 167903312 1090551824 4194314 6554624 3355576384 1835072 83887368 140577349 2264924166 55074816 8
is_linear=0
shrinkage=0.65


Tree=7
num_leaves=63
num_cat=61
split_feature=38 0 41 34 34 41 34 22 23 23 34 35 35 23 22 34 35 41 22 34 35 34 22 22 34 24 35 24 24 35 24 24 35 34 41 34 22 41 34 22 34 40 34 35 41 34 35 22 22 35 34 24 41 24 24 22 24 24 34 24 35 21
split_gain=64.8453 103.491 113.896 103.308 73.4679 72.6271 72.1191 65.0875 64.8119 64.0962 65.3401 71.7123 63.2399 66.7896 66.3169 63.191 62.4671 62.5586 65.0055 88.5329 76.8316 63.4334 62.2528 59.8557 56.9648 55.3393 55.2742 55.1014 54.5444 52.5308 51.568 50.9632 50.948 101.041 65.79 57.9145 55.9762 54.3103 75.6704 55.7104 56.3275 55.1694 79.3122 66.2859 66.3957 65.7309 85.7307 60.094 57.4801 55.3913 68.7269 52.3934 51.9433 50.6603 49.123 47.6818 46.8249 46.4881 45.7349 45.255 44.2302 41.7717
threshold=0 0.25646972656250006 1 2 3 4 5 6 7 8 9 10 11 12 13 14 15 16 17 18 19 20 21 22 23 24 25 26 27 28 29 30 31 32 33 34 35 36 37 38 39 40 41 42 43 44 45 46 47 48 49 50 51 52 53 54 55 56 57 58 59 60
decision_type=9 2 9 9 9 9 9 9 9 9 9 9 9 9 9 9 9 9 9 9 9 9 9 9 9 9 9 9 9 9 9 9 9 9 9 9 9 9 9 9 9 9 9 9 9 9 9 9 9 9 9 9 9 9 9 9 9 9 9 9 9 1
left_child=1 2 -1 -4 56 -6 -5 24 15 10 11 -2 25 54 -15 -9 23 22 19 59 -21 29 -18 -12 -7 -8 -23 -13 -17 -20 -24 -25 33 -11 -35 -36 53 38 -34 -40 -41 42 57 48 -45 46 -43 -48 -44 50 -47 -38 -51 -37 -14 -29 -3 -39 -10 -19 -42 -26
right_child=9 4 3 6 5 7 12 8 58 32 16 27 13 14 -16 28 17 18 21 20 -22 26 30 31 61 -27 -28 55 -30 -31 -32 -33 37 34 35 36 51 41 39 40 60 45 43 44 -46 49 47 -49 -50 52 -52 -53 -54 -55 -56 -57 -58 -59 -60 -61 -62 -63
leaf_value=0.011969156817765909 -0.00078581764425851954 0 0.0083441164839889378 -0.0089200177923106274 -0.00071137692658059426 0.00029573432412837667 0.010080056935614264 0.00031079788344244667 -6.7011538751375149e-05 0.0025397156022992674 0 0.0010755840182259339 0.00050839976166114581 0.0053203666243369892 -0.001764149512462246 0 0.00013652077644001114 -0.00013424312029058057 -0.0017627243120570161 -0.0013127135128141274 -6.7011538751375149e-05 -6.7011538751375149e-05 0 0 0 0.00070294917265127947 0 0.00066930060938330776 -0.00045320079499377688 0 -0.0019070699496911404 -0.001449040999323915 -0.0012474166066266338 -0.00058957634881371638 -0.00039663927690708093 0 0.00081032445178425385 0.00031079788344244667 -0.00054345342992353823 0.0013252130381598548 -0.0012688145419815556 -0.0002725471834383339 0.0051943922219370234 0.0015411551525088727 0 -0.0019099723594765239 0.0013728322536721131 0 0.00013652077644001114 0.00022837838390842082 0 0 0 0.0023004766986415093 -0.0098163144886443295 0 -0.00096181716653518387 -0.0005840844261794702 0 0.0010036178422121347 0 -0.00060672085304280701
leaf_weight=877 558 430 899 652 829 442 440 436 653 884 973 1232 422 840 2114 559 771 428 544 1160 7211 2585 573 641 1068 890 15396 865 1311 1974 1350 1631 855 890 679 549 1351 549 1679 662 431 1038 652 1184 11525 705 2003 3961 1223 2886 5655 2903 37723 1422 868 1972 969 1332 4020 891 2978 1837
leaf_count=877 558 430 899 652 829 442 440 436 653 884 973 1232 422 840 2114 559 771 428 544 1160 7211 2585 573 641 1068 890 15396 865 1311 1974 1350 1631 855 890 679 549 1351 549 1679 662 431 1038 652 1184 11525 705 2003 3961 1223 2886 5655 2903 37723 1422 868 1972 969 1332 4020 891 2978 1837
internal_value=0.000950471 -0.0328982 0.02485 -0.00255005 -0.0697316 -0.0519208 -0.0324062 -0.0369075 -0.00111567 0.00645447 -0.0147644 0.057868 -0.00826167 -0.0470394 0.0070127 -0.0900128 -0.0240827 -0.0155707 -0.00708088 -0.0509173 -0.0755994 0.0136585 -0.110255 -0.109963 -0.111268 0.114791 0.0272022 0.0879195 -0.14195 -0.0827271 -0.172661 -0.167622 0.0165436 0.0637284 0.0398859 0.0613721 0.0810806 0.0112195 -0.0450884 -0.0180492 0.0230834 0.0165065 0.0494295 0.0656412 0.048695 0.00645388 0.0651482 0.0951723 0.179465 -0.0023105 -0.058655 0.0388537 0.00652863 0.171432 -0.169739 0.0376447 -0.209603 -0.0758847 0.0428708 0.104996 -0.0108301 -0.144395
internal_weight=147030 20556 8002 7125 12554 11155 6226 10326 6979 126474 40755 4627 5574 4244 2954 2306 36128 32883 30189 9690 8371 20499 2694 3245 3347 1330 17981 4069 1870 2518 1923 2272 85719 8678 7794 6904 6225 77041 6605 5750 4071 70436 16465 14584 12709 53971 7002 5964 1875 46969 6360 4254 40609 1971 1290 2837 1399 1881 4673 1319 3409 2905
internal_count=147030 20556 8002 7125 12554 11155 6226 10326 6979 126474 40755 4627 5574 4244 2954 2306 36128 32883 30189 9690 8371 20499 2694 3245 3347 1330 17981 4069 1870 2518 1923 2272 85719 8678 7794 6904 6225 77041 6605 5750 4071 70436 16465 14584 12709 53971 7002 5964 1875 46969 6360 4254 40609 1971 1290 2837 1399 1881 4673 1319 3409 2905
cat_boundaries=0 8 16 24 32 40 48 52 56 60 68 76 84 87 91 99 107 115 119 127 135 143 147 151 159 163 171 175 179 187 190 194 202 210 218 226 230 238 246 250 258 263 271 279 287 295 303 307 311 319 327 330 338 342 346 350 354 358 366 370 378 380
cat_threshold=135400968 33540 133120 536879104 2099200 536871492 2181038336 1024 4116 34078721 603979776 17072130 2120 1543505410 1073906688 8423424 1616429572 272 33555456 541589536 1082196104 262152 2147746432 21041152 1090592960 65572 0 1048580 1074110592 134226176 2368908 8392705 33554440 2164261892 2148106256 33603592 41955494 134234368 1610612992 32772 128 786472 3242205312 16777736 67125248 2151694436 100679680 1048960 17138288 2886807892 21445904 1 3540687892 97821316 2149593666 1 1818630779 57879 2149908484 10 571482160 2048 2164260896 34693120 38011904 2147483656 209756425 16644 164418 2147485696 1074024977 285214720 402654272 269484352 34080768 33620032 16781824 136316960 262192 268566788 2149591152 1107956738 32832 8208 20449026 4637130 2236556308 2259685632 623974464 216408579 1 69208578 1375769088 17039425 8438016 3146753 16395 2214658048 50331648 4 1075871744 270534672 66314 69468184 1074135041 75497472 33764864 3491758592 303038528 152044548 151520276 640 794640 2147623936 4718592 89755713 973121682 3830481673 1 98378 96 1208226128 671219720 16974216 9175042 528 8208 1613827 134217728 5242883 1331200 402654209 536871474 5248000 9437440 33100 1082130432 137625600 2228868 25198680 1075838976 4194880 12779536 92340544 1745715582 135337490 1 540018690 746685953 1732497730 3 131074 8912906 671162416 1 281018370 2147909760 0 33589856 537525322 2978260032 2235564196 8 1078002496 262160 1082523904 545269776 32770 44048392 1107296512 4194369 2223016512 1677726689 1166579986 6 159656328 4032609 2419696130 10 134349057 805437444 9449480 4194305 77888 402661376 402657288 20973568 2298615948 23332529 1256277001 1175986400 1132839176 570482178 2 77606920 8486912 16908320 393856 2099200 335806465 578081 2106368 1107296268 1 142737664 3200 134259200 43425810 67633152 2163072 134266881 134294082 2252800 1073741826 65536 2148016128 2161246208 4352 16786464 3556769794 1075324928 1048640 256 2422211584 409856 17302024 910688323 2493059076 282413241 8 532 72499201 539295744 11264 75505664 69206528 98400 20989955 1342181568 83887108 135282960 2050 25166080 59785473 9437188 65568 70945872 1948909616 2759855260 10 21143552 2147745984 8396800 2153775104 536936464 1078069248 16781650 4719620 1077939224 17408 194248729 1426070560 217101 197120 72 671088672 1619001354 2152473264 404760576 33554449 100663296 1073742337 135362 1048648 134235137 262288 1074792456 1073741954 42042112 3230277698 534540 142753792 642 278545 5242880 805838856 4096 67174497 1114629 1056768 1367343106 2166358024 2284347392 268632064 1050624 671612944 134751328 86784 134220032 68427794 1107298304 134219776 67112961 107907075 3825218785 302551456 9 1378054736 573646337 3222801840 2 17042560 303448064 2147487876 537920512 3238068736 1115136 208 8454272 8405122 285212672 8 2149221376 237568 17170688 278720 8454656 808178434 1791506434 3389229088 536895488 536936448 1426065436 2416443552 1075315200 4784128 8388616 8397832 810027132 134493220 203964573 6 3775932459 1268943878 3221524546 4 30672776 2835354251 37065092 8 2492542994 1476973464 3221619082 2 2449965696 19960421 2971992648 12 134218240 8912898 3675304 1654654976 2097160 16896 4265984 542 1082239650 3229682817 675873172 8 32772 1024 2147483784 16420 167772368 1073762312 270598144 33554464 3947930224 2979700934
is_linear=0
shrinkage=0.65


end of trees

feature_importances:
Column_34=93
Column_22=70
Column_41=66
Column_35=62
Column_24=54
Column_23=39
Column_5=19
Column_38=18
Column_19=17
Column_0=14
Column_21=12
Column_3=8
Column_40=7
Column_39=5
Column_6=3
Column_4=2
Column_8=2
Column_1=1
Column_18=1
Column_20=1
Column_29=1
Column_32=1

parameters:
[boosting: gbdt]
[objective: regression_l1]
[metric: l1]
[tree_learner: serial]
[device_type: cpu]
[data_sample_strategy: bagging]
[data: ]
[valid: ]
[num_iterations: 8]
[learning_rate: 0.65]
[num_leaves: 63]
[num_threads: 1]
[seed: 31752865]
[deterministic: 1]
[force_col_wise: 1]
[force_row_wise: 0]
[histogram_pool_size: -1]
[max_depth: 8]
[min_data_in_leaf: 60]
[min_sum_hessian_in_leaf: 0.001]
[bagging_fraction: 1]
[pos_bagging_fraction: 1]
[neg_bagging_fraction: 1]
[bagging_freq: 0]
[bagging_seed: 25533]
[bagging_by_query: 0]
[feature_fraction: 0.9]
[feature_fraction_bynode: 1]
[feature_fraction_seed: 9987]
[extra_trees: 0]
[extra_seed: 8391]
[early_stopping_round: 0]
[early_stopping_min_delta: 0]
[first_metric_only: 0]
[max_delta_step: 0]
[lambda_l1: 0.0005]
[lambda_l2: 2]
[linear_lambda: 0]
[min_gain_to_split: 0]
[drop_rate: 0.1]
[max_drop: 50]
[skip_drop: 0.5]
[xgboost_dart_mode: 0]
[uniform_drop: 0]
[drop_seed: 22808]
[top_rate: 0.2]
[other_rate: 0.1]
[min_data_per_group: 100]
[max_cat_threshold: 32]
[cat_l2: 10]
[cat_smooth: 10]
[max_cat_to_onehot: 4]
[top_k: 20]
[monotone_constraints: ]
[monotone_constraints_method: basic]
[monotone_penalty: 0]
[feature_contri: ]
[forcedsplits_filename: ]
[refit_decay_rate: 0.9]
[cegb_tradeoff: 1]
[cegb_penalty_split: 0]
[cegb_penalty_feature_lazy: ]
[cegb_penalty_feature_coupled: ]
[path_smooth: 0]
[interaction_constraints: ]
[verbosity: -1]
[saved_feature_importance_type: 0]
[use_quantized_grad: 0]
[num_grad_quant_bins: 4]
[quant_train_renew_leaf: 0]
[stochastic_rounding: 1]
[linear_tree: 0]
[max_bin: 255]
[max_bin_by_feature: ]
[min_data_in_bin: 3]
[bin_construct_sample_cnt: 200000]
[data_random_seed: 13582]
[is_enable_sparse: 1]
[enable_bundle: 1]
[use_missing: 1]
[zero_as_missing: 0]
[feature_pre_filter: 1]
[pre_partition: 0]
[two_round: 0]
[header: 0]
[label_column: ]
[weight_column: ]
[group_column: ]
[ignore_column: ]
[categorical_feature: 18,19,20,21,22,23,24,25,26,27,28,29,30,31,34,35,36,37,38,39,40,41]
[forcedbins_filename: ]
[precise_float_parser: 0]
[parser_config_file: ]
[objective_seed: 23742]
[num_class: 1]
[is_unbalance: 0]
[scale_pos_weight: 1]
[sigmoid: 1]
[boost_from_average: 1]
[reg_sqrt: 0]
[alpha: 0.9]
[fair_c: 1]
[poisson_max_delta_step: 0.7]
[tweedie_variance_power: 1.5]
[lambdarank_truncation_level: 30]
[lambdarank_norm: 1]
[label_gain: ]
[lambdarank_position_bias_regularization: 0]
[eval_at: ]
[multi_error_top_k: 1]
[auc_mu_weights: ]
[num_machines: 1]
[local_listen_port: 12400]
[time_out: 120]
[machine_list_filename: ]
[machines: ]
[gpu_platform_id: -1]
[gpu_device_id: -1]
[gpu_device_id_list: ]
[gpu_use_dp: 0]
[num_gpu: 1]

end of parameters

pandas_categorical:null
